1681328334309 86.4 0
1681328980012 56.599999999999994 0
1681329628457 42.0 0
1681330277367 33.4 0
1681330929718 34.8 0
1681331585046 33.0 0
1681332225133 28.199999999999996 0
1681332865199 28.000000000000004 0
1681333504436 28.000000000000004 0
1681334136553 26.0 0
1681334761645 21.4 0
1681335393517 14.399999999999999 0
1681336034453 19.400000000000002 0
1681336673773 19.0 0
1681337306719 16.8 0
1681337945182 17.0 0
1681338606818 8.6 0
1681339284434 15.6 0
1681339936187 12.6 0
1681340577341 12.8 0
