1681328334305 86.4 0
1681328980007 88.3 0
1681329628451 87.2 0
1681330277363 85.1 0
1681330929714 86.03999999999999 0
1681331585041 84.73333333333333 0
1681332225128 83.62857142857145 0
1681332865194 84.35 0
1681333504431 83.15555555555555 0
1681334136548 82.44 0
1681334761640 83.14545454545454 0
1681335393511 83.61666666666666 0
1681336034447 82.76923076923077 0
1681336673767 81.5142857142857 0
1681337306713 80.40000000000002 0
1681337945175 80.2875 0
1681338606811 81.54117647058824 0
1681339284427 80.77777777777777 0
1681339936180 82.08421052631579 0
1681340577334 82.08000000000001 0
