1681328334286 86.4 0
1681328979991 73.4 0
1681329628447 62.800000000000004 0
1681330277346 51.14999999999999 0
1681330929709 50.44 0
1681331585024 46.76666666666667 0
1681332225111 42.65714285714286 0
1681332865177 38.3 0
1681333504426 35.0 0
1681334136531 33.58 0
1681334761622 32.690909090909095 0
1681335393494 27.583333333333332 0
1681336034430 29.32307692307692 0
1681336673749 28.771428571428572 0
1681337306695 25.65333333333333 0
1681337945158 24.1 0
1681338606794 22.376470588235296 0
1681339284409 24.266666666666666 0
1681339936162 21.589473684210528 0
1681340577316 20.41 0
