1681421277968 84.8 0
1681421363734 27.800000000000004 0
1681421457311 26.866666666666664 0
1681421551390 21.099999999999998 0
1681421646063 17.639999999999997 0
1681421739701 13.733333333333333 0
1681421833655 12.257142857142856 0
1681421929610 11.425 0
1681422026662 9.266666666666666 0
1681422122442 9.06 0
1681422217932 8.200000000000001 0
1681422313827 7.566666666666667 0
1681422411846 7.2153846153846155 0
1681422509531 6.185714285714285 0
1681422606800 5.88 0
1681422705527 5.55 0
1681422804338 5.447058823529412 0
1681422904063 4.9 0
1681423004493 5.0 0
1681423103985 5.67 0
