1682678656384 83.39999999999999 0
1682678900433 44.6 0
1682679145383 28.53333333333333 0
1682679390710 22.45 0
1682679636751 17.28 0
1682679883325 14.666666666666666 0
1682680130521 13.171428571428573 0
1682680379013 11.375 0
1682680628041 10.177777777777779 0
1682680877941 9.1 0
1682681127909 7.7272727272727275 0
1682681378596 7.583333333333333 0
1682681630220 6.738461538461538 0
1682681882514 6.6571428571428575 0
1682682134795 6.4 0
1682682388391 5.5875 0
1682682642114 5.129411764705883 0
1682682896939 5.222222222222222 0
1682683152063 4.715789473684211 0
1682683407599 4.72 0
