1689953785574 86.6 0
1689954103876 81.39999999999999 1
1689954422499 77.60000000000001 2
1689954747467 78.2 3
1689955068218 75.2 4
1689955395308 73.4 5
1689955715969 71.39999999999999 6
1689956034450 75.8 7
1689956354379 67.60000000000001 8
1689956677416 68.8 9
1689956999277 66.0 10
1689957321031 66.0 11
1689957639273 67.0 12
1689957963465 63.800000000000004 13
1689958293013 61.8 14
1689958620568 63.6 15
1689958944880 62.4 16
1689959267122 61.199999999999996 17
1689959593677 59.4 18
1689959918686 58.4 19
