1689953785565 86.6 0
1689954103852 46.800000000000004 1
1689954422469 37.0 2
1689954747427 22.2 3
1689955068164 23.799999999999997 4
1689955395248 20.200000000000003 5
1689955715897 18.8 6
1689956034368 20.599999999999998 7
1689956354285 18.0 8
1689956677311 12.8 9
1689956999160 11.600000000000001 10
1689957320902 11.200000000000001 11
1689957639130 9.2 12
1689957963306 8.4 13
1689958292838 6.2 14
1689958620384 8.4 15
1689958944683 2.8000000000000003 16
1689959266910 8.799999999999999 17
1689959593449 2.8000000000000003 18
1689959918443 5.0 19
