1689953785540 86.6 0
1689954103827 68.10000000000001 1
1689954422445 58.4 2
1689954747403 48.900000000000006 3
1689955068139 42.88 4
1689955395226 39.03333333333334 5
1689955715874 36.82857142857143 6
1689956034346 33.575 7
1689956354261 30.599999999999998 8
1689956677286 28.080000000000002 9
1689956999135 25.03636363636364 10
1689957320877 22.600000000000005 11
1689957639087 21.646153846153844 12
1689957963280 18.585714285714285 13
1689958292792 20.84 14
1689958620361 20.337500000000002 15
1689958944657 18.08235294117647 16
1689959266884 16.144444444444446 17
1689959593425 15.505263157894738 18
1689959918403 14.460000000000003 19
