1689953785555 86.6 0
1689954103843 86.4 1
1689954422459 85.26666666666667 2
1689954747417 86.15 3
1689955068153 83.2 4
1689955395238 81.33333333333333 5
1689955715887 81.31428571428572 6
1689956034358 81.275 7
1689956354274 80.22222222222223 8
1689956677300 81.18 9
1689956999149 78.18181818181819 10
1689957320891 77.51666666666667 11
1689957639114 76.86153846153846 12
1689957963294 75.10000000000001 13
1689958292806 75.38666666666667 14
1689958620373 76.6875 15
1689958944672 75.61176470588235 16
1689959266898 74.57777777777778 17
1689959593437 74.08421052631579 18
1689959918427 75.11 19
