1708638222226 76.4 0
1708638914349 78.0 1
1708639607764 73.0 2
1708640303008 69.19999999999999 3
1708640998871 66.8 4
1708641695532 62.6 5
1708642393611 61.8 6
1708643091633 60.199999999999996 7
1708643790125 60.4 8
1708644490111 61.0 9
1708645191604 59.199999999999996 10
1708645893517 59.0 11
1708646595738 60.4 12
1708647298554 57.599999999999994 13
1708648002159 55.800000000000004 14
1708648706265 58.199999999999996 15
1708649413039 54.0 16
1708650120398 54.2 17
1708650827426 54.800000000000004 18
