1708637566547 83.6 0
1708638222204 79.80000000000001 1
1708638914323 80.86666666666666 2
1708639607733 79.5 3
1708640302973 78.4 4
1708640998830 77.10000000000001 5
1708641695486 75.11428571428573 6
1708642393560 74.42500000000001 7
1708643091575 71.86666666666666 8
1708643790061 72.02 9
1708644490039 72.25454545454545 10
1708645191526 71.26666666666667 11
1708645893429 68.67692307692309 12
1708646595645 69.14285714285714 13
1708647298453 69.06666666666666 14
1708648002051 68.38749999999999 15
1708648706147 67.10588235294118 16
1708649412911 65.51111111111112 17
1708650120260 65.5157894736842 18
1708650827278 65.82 19
