1708637566537 83.6 0
1708638222194 51.300000000000004 1
1708638914312 49.73333333333333 2
1708639607722 46.85 3
1708640302961 44.120000000000005 4
1708640998819 42.73333333333333 5
1708641695473 39.37142857142857 6
1708642393549 36.25 7
1708643091564 32.46666666666667 8
1708643790050 31.679999999999996 9
1708644490027 30.05454545454545 10
1708645191514 28.96666666666667 11
1708645893413 25.630769230769236 12
1708646595634 25.300000000000004 13
1708647298441 25.120000000000005 14
1708648002039 24.1125 15
1708648706135 22.91764705882353 16
1708649412900 20.966666666666665 17
1708650120248 19.5578947368421 18
1708650827267 19.139999999999997 19
