1708795604547 7.199999999999999 0
1708795617016 7.199999999999999 1
1708795630248 7.199999999999999 2
1708795644127 7.199999999999999 3
1708795658874 7.199999999999999 4
1708795674505 7.199999999999999 5
1708795690987 7.199999999999999 6
1708795708194 7.199999999999999 7
1708795726078 7.199999999999999 8
1708795744883 7.199999999999999 9
1708795764296 7.199999999999999 10
1708795784567 7.199999999999999 11
1708795805884 7.199999999999999 12
1708795828498 7.199999999999999 13
1708795851994 7.199999999999999 14
1708805764895 85.6 15
