1708795562282 9.4 0
1708795571709 9.8 1
1708795581887 9.666666666666666 2
1708795592764 9.9 3
1708795604407 9.36 4
1708795616862 9.466666666666667 5
1708795630076 9.542857142857143 6
1708795643933 9.45 7
1708795658668 9.511111111111111 8
1708795674278 9.58 9
1708795690746 9.818181818181818 10
1708795707924 9.833333333333334 11
1708795725794 9.876923076923077 12
1708795744583 9.885714285714286 13
1708795763960 9.893333333333334 14
1708795784223 10.15 15
1708795805514 10.105882352941178 16
1708795828100 10.100000000000001 17
1708795851548 10.094736842105263 18
1708805764446 86.44999999999999 19
