1708795562269 0.0 0
1708795571696 0.0 1
1708795581874 0.0 2
1708795592751 0.0 3
1708795604394 0.0 4
1708795616848 0.0 5
1708795630061 0.08571428571428572 6
1708795643918 0.075 7
1708795658654 0.06666666666666667 8
1708795674263 0.06 9
1708795690731 0.05454545454545454 10
1708795707909 0.049999999999999996 11
1708795725778 0.04615384615384615 12
1708795744567 0.04285714285714286 13
1708795763943 0.04 14
1708795784207 0.0375 15
1708795805497 0.03529411764705882 16
1708795828083 0.5888888888888889 17
1708795851530 0.5578947368421052 18
1708805764427 58.38000000000001 19
