1690056033566 91.0 0
1690056322777 76.8 1
1690056612271 70.26666666666667 2
1690056902496 59.95 3
1690057192928 52.040000000000006 4
1690057484015 50.76666666666666 5
1690057775477 45.6 6
1690058067476 41.075 7
1690058360600 38.53333333333333 8
1690058654085 35.120000000000005 9
1690058947721 32.50909090909091 10
1690059241918 28.55 11
1690059536687 24.830769230769228 12
1690059837950 23.871428571428574 13
1690060133721 24.279999999999998 14
1690060436615 21.4125 15
1690060734028 19.352941176470587 16
1690061032715 18.366666666666664 17
1690061331133 17.0 18
1690061630683 15.73 19
