1690056033580 91.0 0
1690056322790 87.69999999999999 1
1690056612285 88.26666666666665 2
1690056902509 87.75 3
1690057192942 87.4 4
1690057484030 87.43333333333334 5
1690057775492 87.8 6
1690058067489 87.65 7
1690058360615 86.42222222222222 8
1690058654100 86.64 9
1690058947734 86.00000000000001 10
1690059241932 83.25000000000001 11
1690059536702 83.3846153846154 12
1690059837965 83.85714285714286 13
1690060133735 82.57333333333332 14
1690060436630 81.7375 15
1690060734043 80.54117647058824 16
1690061032730 80.3888888888889 17
1690061331148 78.96842105263158 18
1690061630698 78.74000000000001 19
