1681753371994 89.4 0
1681754387952 76.6 0
1681755402210 76.33333333333333 0
1681756413565 70.1 0
1681757415247 65.76 0
1681758425217 66.03333333333332 0
1681759430088 65.00000000000001 0
1681760404574 60.175000000000004 0
1681761375390 58.91111111111112 0
1681762344871 57.220000000000006 0
1681763313735 53.45454545454545 0
1681764345340 50.63333333333333 0
1681765397916 48.98461538461539 0
1681766362205 48.07142857142856 0
1681767326389 47.81333333333335 0
1681768289312 45.3625 0
1681769246853 42.92941176470589 0
1681770203188 41.25555555555556 0
1681771157168 40.45263157894737 0
1681771495495 40.05 0
