1681753372006 89.4 0
1681754387963 88.80000000000001 0
1681755402220 90.60000000000001 0
1681756413576 90.35000000000001 0
1681757415258 89.88 0
1681758425228 91.63333333333334 0
1681759430099 91.74285714285715 0
1681760404586 91.75 0
1681761375401 91.86666666666666 0
1681762344882 91.48 0
1681763313746 90.67272727272727 0
1681764345351 89.91666666666667 0
1681765397927 89.66153846153846 0
1681766362212 90.52857142857144 0
1681767326401 90.33333333333331 0
1681768289324 90.075 0
1681769246864 89.2235294117647 0
1681770203199 89.05555555555556 0
1681771157180 88.89473684210527 0
1681771495511 89.33000000000001 0
