1689879548993 85.2 0
1689879691974 47.8 1
1689879835763 39.2 2
1689879979520 29.599999999999998 3
1689880123900 16.0 4
1689880268583 16.8 5
1689880414313 19.8 6
1689880560666 15.2 7
1689880706711 23.599999999999998 8
1689880854432 16.400000000000002 9
1689881001189 20.0 10
1689881151509 22.8 11
1689881309521 20.200000000000003 12
1689881458678 16.2 13
1689881608171 28.000000000000004 14
1689881757845 19.0 15
1689881908293 9.0 16
1689882059434 15.6 17
1689882211712 13.200000000000001 18
1689882363481 20.0 19
