1689879548964 85.2 0
1689879691934 44.800000000000004 1
1689879835711 29.599999999999998 2
1689879979460 23.549999999999997 3
1689880123822 18.04 4
1689880268503 14.633333333333333 5
1689880414222 13.571428571428571 6
1689880560568 11.700000000000001 7
1689880706599 9.955555555555556 8
1689880854307 9.18 9
1689881001037 7.6909090909090905 10
1689881151361 7.3 11
1689881309359 6.707692307692308 12
1689881458506 6.6000000000000005 13
1689881607985 6.48 14
1689881757646 5.575 15
1689881908083 5.482352941176471 16
1689882059206 5.166666666666667 17
1689882211472 4.8 18
1689882363226 4.640000000000001 19
