1689879548975 85.2 0
1689879691947 68.7 1
1689879835726 60.0 2
1689879979473 56.949999999999996 3
1689880123835 48.480000000000004 4
1689880268517 45.23333333333333 5
1689880414236 44.54285714285714 6
1689880560578 39.725 7
1689880706613 37.488888888888894 8
1689880854322 35.3 9
1689881001063 32.054545454545455 10
1689881151376 32.73333333333334 11
1689881309374 31.369230769230764 12
1689881458519 32.01428571428571 13
1689881607999 32.4 14
1689881757660 31.262500000000003 15
1689881908095 26.623529411764704 16
1689882059221 30.011111111111113 17
1689882211484 30.210526315789473 18
1689882363238 32.07000000000001 19
