1681791761276 92.60000000000001 0
1681792058936 80.80000000000001 0
1681792352710 77.60000000000001 0
1681792649079 70.19999999999999 0
1681792949700 66.2 0
1681793250393 64.2 0
1681793557262 58.8 0
1681793857431 50.8 0
1681794162493 47.599999999999994 0
1681794469379 40.8 0
1681794775681 43.0 0
1681795085966 42.8 0
1681795389732 31.6 0
1681795701940 35.199999999999996 0
1681796013617 32.0 0
1681796327886 28.599999999999998 0
1681796640271 23.200000000000003 0
1681796958475 17.4 0
1681797271060 17.8 0
1681797596661 28.599999999999998 0
