1681792058952 94.39999999999999 0
1681792352730 94.19999999999999 0
1681792649104 94.6 0
1681792949731 95.39999999999999 0
1681793250430 95.39999999999999 0
1681793557306 94.8 0
1681793857480 94.0 0
1681794162550 92.60000000000001 0
1681794469443 93.0 0
1681794775752 92.60000000000001 0
1681795086045 90.8 0
1681795389819 89.60000000000001 0
1681795702035 87.8 0
1681796013723 87.4 0
1681796328001 86.2 0
1681796640396 85.8 0
1681796958610 86.8 0
1681797271205 85.39999999999999 0
1681797596817 87.2 0
