1681791761269 92.60000000000001 0
1681792058929 93.5 0
1681792352702 93.26666666666667 0
1681792649073 91.8 0
1681792949693 91.2 0
1681793250386 90.36666666666667 0
1681793557255 91.08571428571427 0
1681793857423 89.42500000000001 0
1681794162486 88.2888888888889 0
1681794469371 88.56 0
1681794775673 88.25454545454546 0
1681795085958 86.91666666666667 0
1681795389724 87.73846153846155 0
1681795701932 87.12857142857145 0
1681796013607 87.92000000000002 0
1681796327878 87.36250000000001 0
1681796640263 87.34117647058824 0
1681796958468 86.78888888888888 0
1681797271051 86.71578947368421 0
1681797596653 85.92999999999999 0
