1688486649421 37.0 0
1688486845222 42.6 1
1688487044417 34.4 2
1688487243435 51.25 3
1688487443288 51.67999999999999 4
1688487641885 54.46666666666667 5
1688487840394 55.285714285714285 6
1688488037866 54.050000000000004 7
1688488236295 52.400000000000006 8
1688488434600 50.89999999999999 9
1688488633640 49.25454545454546 10
1688488832684 46.916666666666664 11
1688489031681 44.58461538461539 12
1688489232352 42.18571428571429 13
1688489432031 41.72 14
1688489632342 40.0125 15
1688489832703 38.811764705882354 16
1688490033746 37.1888888888889 17
1688490235453 35.93684210526316 18
1688490437438 34.019999999999996 19
