1688486649437 37.0 0
1688486845239 62.3 1
1688487044434 74.53333333333332 2
1688487243440 79.75 3
1688487443305 82.64 4
1688487641904 84.83333333333334 5
1688487840411 86.77142857142859 6
1688488037872 86.8 7
1688488236312 86.88888888888889 8
1688488434618 87.34 9
1688488633658 86.39999999999999 10
1688488832701 85.63333333333333 11
1688489031698 85.27692307692307 12
1688489232369 85.50000000000001 13
1688489432049 85.17333333333335 14
1688489632349 84.95 15
1688489832721 84.05882352941177 16
1688490033764 84.16666666666667 17
1688490235474 83.3578947368421 18
1688490437456 83.25999999999999 19
