1681811710466 91.2 0
1681812726431 87.8 0
1681813745108 77.0 0
1681814764979 74.6 0
1681815778513 71.2 0
1681816792630 71.39999999999999 0
1681817782525 71.0 0
1681818759119 66.60000000000001 0
1681819733656 61.4 0
1681820705927 63.800000000000004 0
1681821714414 61.8 0
1681822804015 58.199999999999996 0
1681823768491 57.4 0
1681824729960 54.400000000000006 0
1681825689305 55.2 0
1681826647128 53.400000000000006 0
1681827601749 51.0 0
1681828557591 44.4 0
1681829510072 44.4 0
1681829850421 44.4 0
