1681811710447 91.2 0
1681812726411 76.0 0
1681813745091 73.26666666666667 0
1681814764958 70.25 0
1681815778486 67.8 0
1681816792608 64.16666666666667 0
1681817782509 60.4 0
1681818759101 54.599999999999994 0
1681819733637 51.577777777777776 0
1681820705908 49.68000000000001 0
1681821714395 49.45454545454545 0
1681822803997 47.85 0
1681823768471 46.98461538461538 0
1681824729941 45.84285714285715 0
1681825689288 46.17333333333333 0
1681826647108 44.212500000000006 0
1681827601729 44.317647058823525 0
1681828557572 42.0 0
1681829510051 41.9578947368421 0
1681829850400 41.04 0
