1681811710459 91.2 0
1681812726423 93.2 0
1681813745101 91.93333333333334 0
1681814764971 92.24999999999999 0
1681815778498 91.80000000000001 0
1681816792622 90.10000000000001 0
1681817782519 91.31428571428572 0
1681818759112 89.97500000000001 0
1681819733649 89.33333333333333 0
1681820705920 89.74000000000001 0
1681821714407 89.56363636363636 0
1681822804007 89.91666666666667 0
1681823768483 90.38461538461539 0
1681824729953 89.91428571428571 0
1681825689299 90.83999999999999 0
1681826647119 89.77499999999999 0
1681827601741 90.5764705882353 0
1681828557583 90.13333333333334 0
1681829510064 90.51578947368422 0
1681829850412 89.95999999999998 0
