1682851134863 83.6 0
1682851442130 68.4 1
1682851750588 65.0 2
1682852059373 64.2 3
1682852368623 63.800000000000004 4
1682852678767 58.8 5
1682852988675 58.8 6
1682853300101 56.99999999999999 7
1682853611950 56.39999999999999 8
1682853923431 55.60000000000001 9
1682854237061 47.599999999999994 10
1682854551227 51.0 11
1682854865495 49.4 12
1682855180728 51.800000000000004 13
1682855496414 48.0 14
1682855812605 47.199999999999996 15
1682856129200 53.800000000000004 16
1682856446911 37.4 17
1682856764685 48.4 18
1682857083322 53.400000000000006 19
