1682851134832 83.6 0
1682851442090 47.7 1
1682851750540 28.933333333333337 2
1682852059315 23.250000000000004 3
1682852368556 17.880000000000003 4
1682852678689 14.5 5
1682852988588 13.371428571428572 6
1682853300003 11.75 7
1682853611842 10.2 8
1682853923312 9.34 9
1682854236931 7.6909090909090905 10
1682854551086 7.216666666666666 11
1682854865341 6.6923076923076925 12
1682855180562 6.628571428571429 13
1682855496235 6.426666666666666 14
1682855812414 5.675 15
1682856128995 5.2823529411764705 16
1682856446691 5.155555555555556 17
1682856764449 4.768421052631579 18
1682857083074 4.590000000000001 19
