1682851134846 83.6 0
1682851442103 79.0 1
1682851750553 70.66666666666667 2
1682852059328 70.0 3
1682852368568 67.92 4
1682852678703 63.96666666666667 5
1682852988601 66.60000000000001 6
1682853300016 60.8 7
1682853611855 61.15555555555555 8
1682853923326 61.9 9
1682854236944 57.054545454545455 10
1682854551099 56.550000000000004 11
1682854865354 55.72307692307691 12
1682855180575 56.5 13
1682855496248 53.01333333333334 14
1682855812428 55.800000000000004 15
1682856129008 55.858823529411765 16
1682856446705 54.74444444444445 17
1682856764463 52.72631578947369 18
1682857083087 58.54999999999999 19
