1681494281559 83.8 0
1681494437972 67.60000000000001 0
1681494612638 62.4 0
1681494788243 60.0 0
1681494964835 56.39999999999999 0
1681495140845 55.800000000000004 0
1681495317148 57.199999999999996 0
1681495495441 57.199999999999996 0
1681495673499 60.199999999999996 0
1681495852399 59.4 0
1681496029621 60.199999999999996 0
1681496208124 59.599999999999994 0
1681496386380 56.8 0
1681496565915 54.6 0
1681496745027 60.0 0
1681496923238 53.2 0
1681497103896 58.8 0
1681497284141 57.99999999999999 0
1681497465110 58.4 0
1681497645877 56.2 0
