1681494281554 83.8 0
1681494437962 66.8 0
1681494612624 57.199999999999996 0
1681494788224 53.400000000000006 0
1681494964811 51.6 0
1681495140814 49.2 0
1681495317112 48.199999999999996 0
1681495495399 44.6 0
1681495673447 42.0 0
1681495852344 45.800000000000004 0
1681496029555 43.0 0
1681496208050 37.2 0
1681496386302 31.8 0
1681496565831 30.0 0
1681496744934 23.599999999999998 0
1681496923135 25.6 0
1681497103780 24.4 0
1681497284018 23.200000000000003 0
1681497464972 24.2 0
1681497645730 23.599999999999998 0
