1681494281533 83.8 0
1681494437941 54.8 0
1681494612603 43.53333333333333 0
1681494788203 44.1 0
1681494964790 40.56 0
1681495140792 35.6 0
1681495317090 33.4 0
1681495495376 30.575 0
1681495673424 28.155555555555555 0
1681495852321 24.5 0
1681496029533 25.763636363636362 0
1681496208038 29.483333333333338 0
1681496386279 26.692307692307693 0
1681496565808 26.899999999999995 0
1681496744910 27.586666666666662 0
1681496923122 25.525 0
1681497103756 25.72941176470588 0
1681497283993 24.566666666666666 0
1681497464947 25.23157894736842 0
1681497645705 24.23 0
