1681494281550 83.8 0
1681494437958 76.7 0
1681494612620 72.13333333333334 0
1681494788220 73.94999999999999 0
1681494964806 75.4 0
1681495140809 76.23333333333333 0
1681495317107 77.05714285714285 0
1681495495393 78.275 0
1681495673441 77.53333333333333 0
1681495852338 77.94 0
1681496029550 78.63636363636364 0
1681496208044 79.31666666666666 0
1681496386296 78.58461538461539 0
1681496565825 78.38571428571427 0
1681496744928 79.60000000000001 0
1681496923129 77.9 0
1681497103773 78.5529411764706 0
1681497284011 77.96666666666665 0
1681497464965 78.89473684210525 0
1681497645723 77.94000000000001 0
