1689909759488 0.2 0
1689909762808 0.1 1
1689909766769 0.20000000000000004 2
1689909771612 0.15000000000000002 3
1689909776748 0.16 4
1689909782497 0.13333333333333333 5
1689909789057 0.1142857142857143 6
1689909796207 0.17500000000000002 7
1689909804139 0.15555555555555556 8
1689909812777 0.14 9
1689909821982 0.1272727272727273 10
1689909831862 0.31666666666666665 11
1689909842720 0.3230769230769231 12
1689909854035 0.3 13
1689909866130 0.28 14
1689909878672 0.2625 15
1689909892163 0.9647058823529411 16
1689909906022 0.911111111111111 17
1689909920927 0.863157894736842 18
1689912563161 70.68 19
