1689909759499 20.0 0
1689909762823 20.0 1
1689909766780 20.0 2
1689909771626 19.95 3
1689909776763 20.119999999999997 4
1689909782508 20.099999999999998 5
1689909789072 20.599999999999998 6
1689909796220 20.025 7
1689909804153 20.15555555555555 8
1689909812796 20.139999999999997 9
1689909821996 20.10909090909091 10
1689909831876 20.099999999999998 11
1689909842735 19.569230769230767 12
1689909854050 19.599999999999998 13
1689909866145 19.613333333333333 14
1689909878686 19.225 15
1689909892176 19.27058823529412 16
1689909906034 19.311111111111114 17
1689909920941 19.494736842105265 18
1689912563175 95.02 19
