1682628422198 84.39999999999999 0
1682628667387 32.6 0
1682628912723 33.2 0
1682629158407 33.0 0
1682629405416 28.4 0
1682629653597 32.0 0
1682629901910 25.6 0
1682630151090 16.6 0
1682630400938 17.599999999999998 0
1682630650480 7.000000000000001 0
1682630900737 13.0 0
1682631152000 22.6 0
1682631404094 26.400000000000002 0
1682631656658 13.200000000000001 0
1682631910169 20.4 0
1682632164438 15.6 0
1682632418656 16.400000000000002 0
1682632673337 23.200000000000003 0
1682632929926 22.0 0
1682633186747 12.6 0
