1682628422181 84.39999999999999 0
1682628667361 60.7 0
1682628912689 50.4 0
1682629158365 52.6 0
1682629405364 54.08 0
1682629653535 49.0 0
1682629901839 46.02857142857143 0
1682630150989 44.050000000000004 0
1682630400848 43.6888888888889 0
1682630650379 35.980000000000004 0
1682630900625 33.690909090909095 0
1682631151877 35.75 0
1682631403925 40.75384615384616 0
1682631656512 36.714285714285715 0
1682631910010 34.559999999999995 0
1682632164267 33.85 0
1682632418471 33.75294117647059 0
1682632673138 33.099999999999994 0
1682632929714 32.83157894736842 0
1682633186522 37.8 0
