1682628422167 84.39999999999999 0
1682628667348 44.4 0
1682628912675 28.400000000000002 0
1682629158352 22.6 0
1682629405351 17.64 0
1682629653522 14.299999999999999 0
1682629901825 13.057142857142859 0
1682630150977 11.65 0
1682630400834 10.177777777777779 0
1682630650366 9.32 0
1682630900611 7.6 0
1682631151863 7.383333333333333 0
1682631403912 6.707692307692308 0
1682631656498 6.6571428571428575 0
1682631909997 6.346666666666666 0
1682632164254 5.45 0
1682632418458 5.258823529411765 0
1682632673125 5.222222222222222 0
1682632929700 4.757894736842106 0
1682633186507 4.57 0
