1682643517237 85.39999999999999 0
1682643760853 71.4 0
1682644004743 53.93333333333334 0
1682644249675 53.8 0
1682644494984 53.239999999999995 0
1682644741399 49.96666666666667 0
1682644988203 49.34285714285714 0
1682645235740 41.599999999999994 0
1682645484009 43.46666666666667 0
1682645733195 39.50000000000001 0
1682645983087 38.81818181818182 0
1682646233368 39.666666666666664 0
1682646483699 38.107692307692304 0
1682646734910 38.65714285714286 0
1682646986888 38.57333333333334 0
1682647239370 34.65 0
1682647492730 35.4470588235294 0
1682647746108 29.488888888888887 0
1682648000601 32.72631578947369 0
1682648255826 35.730000000000004 0
