1688390927765 91.0 0
1688391050139 75.4 1
1688391183196 74.53333333333335 2
1688391315707 68.95 3
1688391448009 64.12 4
1688391580077 62.5 5
1688391711486 60.74285714285715 6
1688391842813 55.825 7
1688391974079 54.800000000000004 8
1688392105968 52.08 9
1688392238136 47.945454545454545 10
1688392370891 44.28333333333333 11
1688392503873 41.0 12
1688392636664 39.89999999999999 13
1688392769862 38.38666666666667 14
1688392903792 36.5625 15
1688393037894 34.188235294117646 16
1688393171646 33.855555555555554 17
1688393306787 31.736842105263158 18
1688393443572 29.910000000000004 19
