1688390927770 91.0 0
1688391050145 85.10000000000001 1
1688391183213 87.06666666666668 2
1688391315724 86.9 3
1688391448028 87.04 4
1688391580094 87.63333333333333 5
1688391711503 88.37142857142858 6
1688391842830 87.1 7
1688391974096 87.33333333333333 8
1688392105973 86.25999999999999 9
1688392238143 85.63636363636364 10
1688392370908 84.71666666666665 11
1688392503879 84.58461538461538 12
1688392636681 84.37142857142855 13
1688392769879 84.27999999999999 14
1688392903809 83.075 15
1688393037912 82.76470588235294 16
1688393171664 82.4 17
1688393306794 82.36842105263158 18
1688393443590 81.63 19
