1679925517925 78.8 0
1679925658293 80.80000000000001 0
1679925791994 74.0 0
1679925927877 66.8 0
1679926064076 61.0 0
1679926201540 54.0 0
1679926336740 50.6 0
1679926470295 48.0 0
1679926604614 43.8 0
1679926739882 38.6 0
1679926877176 36.8 0
1679927015362 32.800000000000004 0
1679927153910 34.0 0
1679927291248 30.2 0
1679927427672 29.599999999999998 0
1679927566156 30.599999999999998 0
1679927703823 27.200000000000003 0
1679927843687 24.8 0
1679927984546 23.400000000000002 0
1679928125630 20.8 0
