1679925517921 78.8 0
1679925658288 83.0 0
1679925791989 84.33333333333333 0
1679925927872 84.35000000000001 0
1679926064072 86.03999999999999 0
1679926201535 85.26666666666667 0
1679926336736 85.45714285714284 0
1679926470290 86.05 0
1679926604608 85.37777777777777 0
1679926739877 85.08000000000001 0
1679926877170 84.96363636363637 0
1679927015356 84.51666666666668 0
1679927153904 84.15384615384616 0
1679927291242 83.89999999999999 0
1679927427666 84.22666666666667 0
1679927566150 83.97500000000001 0
1679927703816 84.11764705882354 0
1679927843680 84.07777777777777 0
1679927984539 83.82105263157894 0
1679928125623 83.93999999999998 0
