1708723858872 80.80000000000001 0
1708724808830 74.2 1
1708725761723 72.0 2
1708726717119 70.19999999999999 3
1708727672434 65.8 4
1708728629844 65.0 5
1708729587665 60.199999999999996 6
1708730546367 63.6 7
1708731512194 61.8 8
1708732485483 57.599999999999994 9
1708733459786 58.199999999999996 10
1708734430795 56.39999999999999 11
1708735389185 56.599999999999994 12
1708736350234 56.99999999999999 13
1708737312932 56.99999999999999 14
1708738277353 56.8 15
1708739242883 54.800000000000004 16
1708740208763 53.400000000000006 17
1708741176150 51.0 18
