1708723858845 70.6 0
1708724808790 53.6 1
1708725761666 40.6 2
1708726717047 30.599999999999998 3
1708727672348 22.400000000000002 4
1708728629743 19.8 5
1708729587548 18.6 6
1708730546231 16.0 7
1708731512037 14.000000000000002 8
1708732485302 10.4 9
1708733459583 7.199999999999999 10
1708734430590 7.199999999999999 11
1708735388955 4.8 12
1708736349982 5.4 13
1708737312660 5.6000000000000005 14
1708738277061 4.6 15
1708739242571 2.8000000000000003 16
1708740208427 4.3999999999999995 17
1708741175789 3.4000000000000004 18
