1708722935957 75.2 0
1708723858858 71.2 1
1708724808817 70.0 2
1708725761709 66.0 3
1708726717104 61.6 4
1708727672419 59.0 5
1708728629829 58.599999999999994 6
1708729587650 58.8 7
1708730546352 55.400000000000006 8
1708731512178 54.6 9
1708732485466 52.2 10
1708733459769 50.6 11
1708734430779 49.4 12
1708735389169 50.6 13
1708736350217 45.800000000000004 14
1708737312915 50.4 15
1708738277336 46.800000000000004 16
1708739242865 47.4 17
1708740208745 50.6 18
1708741176131 47.599999999999994 19
