1708722935915 75.2 0
1708723858805 66.1 1
1708724808749 58.800000000000004 2
1708725761624 51.5 3
1708726717004 45.84 4
1708727672304 38.400000000000006 5
1708728629700 35.22857142857143 6
1708729587503 31.025 7
1708730546185 28.577777777777783 8
1708731511988 25.000000000000004 9
1708732485254 22.727272727272727 10
1708733459533 19.05 11
1708734430542 18.892307692307693 12
1708735388907 16.38571428571429 13
1708736349931 15.560000000000002 14
1708737312610 15.5375 15
1708738277009 14.4 16
1708739242518 13.755555555555556 17
1708740208373 11.894736842105264 18
1708741175734 11.290000000000001 19
