1689898299863 23.400000000000002 0
1689898303185 23.400000000000002 1
1689898306995 23.400000000000002 2
1689898311595 23.400000000000002 3
1689898316930 23.400000000000002 4
1689898322744 23.400000000000002 5
1689898329370 23.400000000000002 6
1689898336629 23.400000000000002 7
1689898344487 23.400000000000002 8
1689898352966 23.400000000000002 9
1689898362339 23.400000000000002 10
1689898372380 23.400000000000002 11
1689898383143 23.400000000000002 12
1689898394708 23.400000000000002 13
1689898406908 23.400000000000002 14
1689898420225 23.400000000000002 15
1689898433710 23.400000000000002 16
1689898448139 23.400000000000002 17
1689898463109 23.400000000000002 18
1689901113687 93.60000000000001 19
