1689898299844 23.400000000000002 0
1689898303157 24.700000000000003 1
1689898306958 23.066666666666666 2
1689898311548 22.65 3
1689898316873 21.96 4
1689898322677 21.633333333333336 5
1689898329292 21.400000000000002 6
1689898336541 21.225 7
1689898344388 21.08888888888889 8
1689898352844 20.98 9
1689898362216 20.89090909090909 10
1689898372245 21.733333333333334 11
1689898382995 21.6 12
1689898394547 21.485714285714288 13
1689898406736 21.386666666666667 14
1689898420037 21.35 15
1689898433493 21.27058823529412 16
1689898447921 21.244444444444447 17
1689898462879 21.189473684210526 18
1689901113438 95.33999999999999 19
