1708762547297 70.6 0
1708763503315 63.4 1
1708764462819 49.8 2
1708765428246 42.8 3
1708766391687 36.6 4
1708767355910 29.799999999999997 5
1708768320422 21.2 6
1708769283515 21.2 7
1708770248242 14.799999999999999 8
1708771213214 13.600000000000001 9
1708772179681 13.4 10
1708773147535 11.799999999999999 11
1708774114596 8.6 12
1708775085716 10.0 13
1708776054961 8.200000000000001 14
1708777025362 11.799999999999999 15
1708777996176 7.6 16
1708778966670 9.2 17
1708779938182 7.199999999999999 18
