1708761618763 75.4 0
1708762547311 72.0 1
1708763503343 65.8 2
1708764462863 65.8 3
1708765428304 61.6 4
1708766391763 57.599999999999994 5
1708767355999 58.599999999999994 6
1708768320527 56.39999999999999 7
1708769283638 56.599999999999994 8
1708770248382 53.800000000000004 9
1708771213367 55.400000000000006 10
1708772179859 51.0 11
1708773147730 49.0 12
1708774114810 46.6 13
1708775085956 48.199999999999996 14
1708776055215 49.8 15
1708777025642 49.0 16
1708777996476 50.2 17
1708778966999 48.8 18
1708779938535 43.6 19
