1708761618722 75.4 0
1708762547255 67.6 1
1708763503273 59.46666666666667 2
1708764462775 52.599999999999994 3
1708765428203 47.88000000000001 4
1708766391642 40.23333333333333 5
1708767355865 33.857142857142854 6
1708768320377 31.575 7
1708769283467 28.0 8
1708770248195 25.4 9
1708771213166 23.181818181818183 10
1708772179632 21.483333333333334 11
1708773147484 18.907692307692308 12
1708774114546 18.3 13
1708775085665 17.2 14
1708776054907 16.6875 15
1708777025310 15.917647058823528 16
1708777996120 14.488888888888889 17
1708778966614 12.926315789473684 18
1708779938123 12.150000000000002 19
