1681404991851 87.2 0
1681405113657 83.39999999999999 0
1681405247303 80.80000000000001 0
1681405382048 66.2 0
1681405517281 58.599999999999994 0
1681405652181 52.800000000000004 0
1681405788015 51.4 0
1681405922855 43.4 0
1681406058935 40.400000000000006 0
1681406195920 35.6 0
1681406333143 33.4 0
1681406470259 33.2 0
1681406607853 27.0 0
1681406746672 26.400000000000002 0
1681406886125 23.200000000000003 0
1681407027770 23.200000000000003 0
1681407168013 19.2 0
1681407309757 20.8 0
1681407451844 18.2 0
1681407592628 15.2 0
