1681404991847 87.2 0
1681405113650 84.0 0
1681405247298 85.53333333333332 0
1681405382043 84.05 0
1681405517276 86.24 0
1681405652176 84.83333333333333 0
1681405788007 85.22857142857141 0
1681405922850 85.45 0
1681406058930 84.6 0
1681406195915 84.36 0
1681406333137 84.18181818181819 0
1681406470253 84.68333333333332 0
1681406607847 84.15384615384616 0
1681406746666 83.32857142857144 0
1681406886119 82.83999999999999 0
1681407027763 81.725 0
1681407168007 82.21176470588235 0
1681407309747 82.21111111111111 0
1681407451837 82.46315789473685 0
1681407592621 82.8 0
