1681404991843 87.2 0
1681405113632 52.699999999999996 0
1681405247294 59.600000000000016 0
1681405382027 58.25 0
1681405517259 58.52 0
1681405652159 56.366666666666674 0
1681405787989 55.25714285714285 0
1681405922844 51.75 0
1681406058913 50.55555555555556 0
1681406195898 47.62 0
1681406333120 45.90909090909091 0
1681406470236 45.28333333333334 0
1681406607830 42.55384615384615 0
1681406746649 42.17142857142857 0
1681406886101 40.03999999999999 0
1681407027746 38.9625 0
1681407167989 37.98823529411765 0
1681407309728 37.144444444444446 0
1681407451819 35.37894736842105 0
1681407592613 34.03000000000001 0
