1689934635173 91.2 0
1689934952384 53.800000000000004 1
1689935266416 42.8 2
1689935583363 30.599999999999998 3
1689935900423 29.2 4
1689936225755 28.199999999999996 5
1689936546295 19.0 6
1689936874396 17.8 7
1689937195471 17.2 8
1689937521965 13.8 9
1689937841409 11.0 10
1689938163921 11.799999999999999 11
1689938489590 11.600000000000001 12
1689938812577 11.0 13
1689939139477 8.6 14
1689939462785 9.2 15
1689939789017 8.6 16
1689940119477 6.6000000000000005 17
1689940446041 5.6000000000000005 18
