1689934317212 86.0 0
1689934635153 87.9 1
1689934952364 86.2 2
1689935266390 86.4 3
1689935583343 85.36 4
1689935900403 82.69999999999999 5
1689936225735 83.77142857142857 6
1689936546270 84.65 7
1689936874376 83.19999999999999 8
1689937195450 83.38 9
1689937521944 82.27272727272727 10
1689937841388 80.64999999999999 11
1689938163900 81.21538461538461 12
1689938489568 79.9857142857143 13
1689938812554 80.78666666666666 14
1689939139454 80.61250000000001 15
1689939462762 80.50588235294119 16
1689939788994 80.46666666666667 17
1689940119453 79.81052631578949 18
1689940446017 80.62000000000002 19
