1689934317198 86.0 0
1689934635140 69.7 1
1689934952352 60.866666666666674 2
1689935266376 51.2 3
1689935583330 46.0 4
1689935900390 42.666666666666664 5
1689936225722 40.028571428571425 6
1689936546244 37.425 7
1689936874361 33.422222222222224 8
1689937195436 31.7 9
1689937521932 29.636363636363637 10
1689937841376 25.400000000000002 11
1689938163885 25.646153846153844 12
1689938489553 21.942857142857143 13
1689938812540 24.173333333333336 14
1689939139439 22.950000000000003 15
1689939462749 20.400000000000002 16
1689939788981 20.0 17
1689940119438 18.45263157894737 18
1689940446004 16.970000000000002 19
