1679697348908 71.0 0
1679698538584 73.4 0
1679699723879 69.8 0
1679700971072 71.2 0
1679702173135 68.8 0
1679703359932 66.4 0
1679704547115 66.8 0
1679705734186 63.0 0
1679706921773 62.6 0
1679708110252 60.6 0
1679709300623 57.99999999999999 0
1679710490896 57.199999999999996 0
1679711682569 56.99999999999999 0
1679712876318 55.2 0
1679714067494 56.00000000000001 0
1679715261058 56.8 0
1679716455135 56.00000000000001 0
1679717648624 54.800000000000004 0
1679718847137 52.6 0
1679720044731 53.400000000000006 0
