1679697348900 71.0 0
1679698538572 79.80000000000001 0
1679699723862 76.53333333333335 0
1679700971048 76.5 0
1679702173109 74.03999999999999 0
1679703359901 74.8 0
1679704547079 73.77142857142859 0
1679705734143 73.45 0
1679706921723 72.91111111111111 0
1679708110196 71.84 0
1679709300562 71.0909090909091 0
1679710490827 70.88333333333331 0
1679711682490 69.96923076923076 0
1679712876232 69.29999999999998 0
1679714067402 67.83999999999999 0
1679715260956 68.0625 0
1679716455024 67.83529411764708 0
1679717648504 67.75555555555555 0
1679718847006 66.54736842105264 0
1679720044584 66.01 0
