1679697348896 71.0 0
1679698538555 56.300000000000004 0
1679699723846 50.866666666666674 0
1679700971032 48.0 0
1679702173092 44.96 0
1679703359884 42.6 0
1679704547062 41.114285714285714 0
1679705734126 39.550000000000004 0
1679706921706 38.17777777777778 0
1679708110179 36.540000000000006 0
1679709300545 34.69090909090909 0
1679710490822 33.38333333333333 0
1679711682473 30.584615384615383 0
1679712876215 28.528571428571432 0
1679714067385 28.08 0
1679715260939 27.2375 0
1679716455006 26.023529411764706 0
1679717648486 24.45555555555556 0
1679718846999 22.94736842105263 0
1679720044566 21.660000000000004 0
