1689906561702 82.19999999999999 0
1689906705973 52.800000000000004 1
1689906849209 38.800000000000004 2
1689907000854 15.2 3
1689907147909 32.2 4
1689907293482 16.6 5
1689907439791 30.0 6
1689907585529 12.6 7
1689907733401 26.400000000000002 8
1689907880983 18.4 9
1689908030152 27.400000000000002 10
1689908178730 30.599999999999998 11
1689908328365 8.6 12
1689908479247 25.4 13
1689908630483 34.599999999999994 14
1689908781222 16.8 15
1689908931186 17.599999999999998 16
1689909083224 13.600000000000001 17
1689909236590 9.0 18
1689909391176 6.4 19
