1689906561668 82.19999999999999 0
1689906705935 45.0 1
1689906849158 28.8 2
1689907000792 22.95 3
1689907147828 17.6 4
1689907293399 14.366666666666667 5
1689907439697 13.514285714285714 6
1689907585429 11.675 7
1689907733286 10.2 8
1689907880856 9.280000000000001 9
1689908030014 7.909090909090909 10
1689908178584 7.3500000000000005 11
1689908328202 6.753846153846154 12
1689908479071 6.442857142857143 13
1689908630294 6.359999999999999 14
1689908781018 5.575 15
1689908930962 5.447058823529412 16
1689909082993 5.177777777777778 17
1689909236340 4.715789473684211 18
1689909390913 4.55 19
