1689906561683 82.19999999999999 0
1689906705946 71.4 1
1689906849171 57.06666666666667 2
1689907000806 48.2 3
1689907147843 46.160000000000004 4
1689907293414 45.666666666666664 5
1689907439712 44.45714285714286 6
1689907585439 41.275 7
1689907733300 38.88888888888889 8
1689907880870 36.14 9
1689908030027 33.67272727272727 10
1689908178595 35.199999999999996 11
1689908328216 34.83076923076923 12
1689908479085 35.9 13
1689908630308 34.586666666666666 14
1689908781032 33.0125 15
1689908930976 30.58823529411765 16
1689909083006 29.799999999999997 17
1689909236355 30.621052631578944 18
1689909390927 29.380000000000006 19
