1681826647398 80.0 0
1681826811256 66.0 0
1681826974932 58.93333333333334 0
1681827140130 49.2 0
1681827305931 44.04 0
1681827472781 40.43333333333334 0
1681827641375 39.0 0
1681827808471 34.625 0
1681827976137 32.82222222222222 0
1681828144533 28.939999999999998 0
1681828313737 27.145454545454548 0
1681828482469 28.0 0
1681828653546 25.384615384615383 0
1681828823681 24.02857142857143 0
1681828993775 22.799999999999997 0
1681829165004 22.5 0
1681829337439 19.823529411764707 0
1681829513387 19.744444444444447 0
1681829685644 18.010526315789473 0
1681829859308 17.04 0
