1681826647408 80.0 0
1681826811266 83.7 0
1681826974943 84.0 0
1681827140142 82.6 0
1681827305942 84.0 0
1681827472792 82.56666666666668 0
1681827641387 83.11428571428571 0
1681827808482 81.525 0
1681827976149 81.48888888888888 0
1681828144542 80.78 0
1681828313748 80.61818181818181 0
1681828482481 80.73333333333333 0
1681828653557 80.7076923076923 0
1681828823693 80.84285714285713 0
1681828993786 80.86666666666666 0
1681829165017 80.3625 0
1681829337451 80.71764705882353 0
1681829513398 80.72222222222223 0
1681829685657 79.48421052631579 0
1681829859319 80.75 0
