1680274641276 81.8 0
1680274918842 81.3 0
1680275195896 80.53333333333332 0
1680275462825 78.5 0
1680275727533 85.03999999999999 0
1680275992714 85.13333333333333 0
1680276259747 85.45714285714287 0
1680276527999 85.725 0
1680276796274 85.46666666666665 0
1680277063633 85.28 0
1680277332929 85.38181818181819 0
1680277597710 85.51666666666665 0
1680277858438 84.64615384615385 0
1680278129250 83.88571428571429 0
1680278396944 83.43999999999998 0
1680278663082 83.2875 0
1680278931397 82.04705882352941 0
1680279200424 82.46666666666667 0
1680279472364 81.93684210526317 0
1680279739864 82.41999999999999 0
