1681438747549 85.6 0
1681438984780 77.4 0
1681439251464 73.0 0
1681439517654 57.199999999999996 0
1681439786898 58.599999999999994 0
1681440053942 55.00000000000001 0
1681440319122 50.0 0
1681440589577 47.599999999999994 0
1681440857976 37.4 0
1681441126326 34.599999999999994 0
1681441395615 28.999999999999996 0
1681441664484 29.799999999999997 0
1681441935583 23.599999999999998 0
1681442203694 21.6 0
1681442476958 21.8 0
1681442748519 23.799999999999997 0
1681443018833 18.6 0
1681443288838 22.400000000000002 0
1681443560364 22.400000000000002 0
1681443833731 23.400000000000002 0
