1681438747544 85.6 0
1681438984776 79.4 0
1681439251459 77.60000000000001 0
1681439517649 74.94999999999999 0
1681439786893 81.4 0
1681440053937 80.8 0
1681440319117 80.3142857142857 0
1681440589572 80.625 0
1681440857971 79.84444444444443 0
1681441126320 80.06 0
1681441395609 80.72727272727275 0
1681441664478 81.53333333333333 0
1681441935578 80.79999999999998 0
1681442203688 80.42857142857143 0
1681442476952 79.34666666666666 0
1681442748509 77.6375 0
1681443018826 78.47058823529412 0
1681443288829 77.52222222222223 0
1681443560357 78.52631578947368 0
1681443833724 78.97 0
