1681438747539 85.6 0
1681438984759 45.900000000000006 0
1681439251443 52.13333333333333 0
1681439517633 49.150000000000006 0
1681439786888 50.67999999999999 0
1681440053932 48.666666666666664 0
1681440319100 45.57142857142858 0
1681440589555 44.099999999999994 0
1681440857965 41.02222222222222 0
1681441126303 39.64 0
1681441395603 38.47272727272727 0
1681441664461 37.900000000000006 0
1681441935560 36.98461538461539 0
1681442203681 36.1 0
1681442476934 34.70666666666667 0
1681442748490 33.162499999999994 0
1681443018819 32.505882352941185 0
1681443288822 30.95555555555556 0
1681443560349 31.52631578947369 0
1681443833706 30.849999999999994 0
