1682894065039 91.4 0
1682894371667 65.8 1
1682894678877 59.0 2
1682894987382 62.0 3
1682895296211 60.199999999999996 4
1682895606024 62.6 5
1682895916986 51.4 6
1682896228836 56.39999999999999 7
1682896540468 54.800000000000004 8
1682896853040 59.0 9
1682897165402 69.39999999999999 10
1682897478322 63.4 11
1682897792062 50.2 12
1682898106768 61.8 13
1682898421936 51.800000000000004 14
1682898738114 48.0 15
1682899054964 47.4 16
1682899372451 52.400000000000006 17
1682899690094 63.800000000000004 18
1682900009206 66.60000000000001 19
