1682894065007 91.4 0
1682894371626 43.300000000000004 1
1682894678828 31.200000000000003 2
1682894987326 23.1 3
1682895296142 19.72 4
1682895605947 16.133333333333333 5
1682895916898 13.62857142857143 6
1682896228737 11.75 7
1682896540360 10.622222222222222 8
1682896852920 9.360000000000001 9
1682897165270 7.909090909090909 10
1682897478180 7.516666666666667 11
1682897791907 7.0307692307692315 12
1682898106601 6.885714285714285 13
1682898421757 6.293333333333333 14
1682898737896 5.6625000000000005 15
1682899054758 5.094117647058824 16
1682899372231 5.2555555555555555 17
1682899689859 4.684210526315789 18
1682900008955 4.7299999999999995 19
