1682894065020 91.4 0
1682894371640 76.0 1
1682894678842 71.53333333333335 2
1682894987338 68.80000000000001 3
1682895296155 71.72 4
1682895605961 70.0 5
1682895916911 66.51428571428572 6
1682896228751 67.35 7
1682896540372 65.80000000000001 8
1682896852934 64.62 9
1682897165284 66.8 10
1682897478193 63.68333333333333 11
1682897791921 60.75384615384615 12
1682898106614 61.54285714285713 13
1682898421770 60.10666666666666 14
1682898737914 58.75 15
1682899054772 59.23529411764706 16
1682899372246 57.65555555555555 17
1682899689873 57.421052631578945 18
1682900008969 59.43999999999998 19
