1708750864729 75.6 0
1708752689696 67.60000000000001 1
1708754514634 67.60000000000001 2
1708756352506 63.0 3
1708758183202 56.8 4
1708760003528 56.00000000000001 5
1708761824974 56.39999999999999 6
1708763641556 51.800000000000004 7
1708765462302 47.599999999999994 8
1708767282028 49.2 9
1708769109751 46.400000000000006 10
1708770932902 44.4 11
1708772756491 43.0 12
1708774578668 41.6 13
1708776401928 44.800000000000004 14
1708778225185 40.8 15
1708780052215 46.800000000000004 16
1708781875131 43.4 17
1708783703699 46.400000000000006 18
1708785527320 45.4 19
