1708750864702 75.6 0
1708752689655 75.5 1
1708754514581 74.0 2
1708756352438 72.75 3
1708758183113 70.0 4
1708760003430 68.06666666666666 5
1708761824856 63.65714285714286 6
1708763641412 64.42500000000001 7
1708765462145 62.911111111111104 8
1708767281865 62.7 9
1708769109573 62.58181818181819 10
1708770932701 59.699999999999996 11
1708772756269 60.12307692307694 12
1708774578431 59.142857142857146 13
1708776401664 60.426666666666655 14
1708778224905 59.0125 15
1708780051916 59.682352941176475 16
1708781874806 59.25555555555555 17
1708783703350 55.578947368421055 18
1708785526944 55.19 19
