1681560767533 78.8 0
1681560911082 73.2 0
1681561054648 72.39999999999999 0
1681561197068 67.2 0
1681561339590 66.8 0
1681561483201 58.8 0
1681561626806 55.60000000000001 0
1681561770613 55.400000000000006 0
1681561915286 49.0 0
1681562059609 42.4 0
1681562205438 39.800000000000004 0
1681562351370 35.8 0
1681562497826 32.4 0
1681562645296 27.6 0
1681562792315 25.8 0
1681562939679 25.6 0
1681563087273 23.200000000000003 0
1681563236252 20.599999999999998 0
1681563385028 19.0 0
1681563534192 20.4 0
