1681560767529 78.8 0
1681560911078 78.8 0
1681561054643 82.60000000000001 0
1681561197062 84.55 0
1681561339585 86.75999999999999 0
1681561483196 85.56666666666666 0
1681561626801 85.42857142857143 0
1681561770608 86.15 0
1681561915281 85.82222222222222 0
1681562059603 85.46000000000001 0
1681562205432 84.85454545454546 0
1681562351365 84.24999999999999 0
1681562497820 83.96923076923076 0
1681562645289 83.64285714285715 0
1681562792309 82.74666666666667 0
1681562939672 83.6 0
1681563087266 83.82352941176471 0
1681563236245 83.28888888888889 0
1681563385020 83.41052631578948 0
1681563534185 83.44999999999999 0
