1681830447818 7.000000000000001 0
1681830645994 53.800000000000004 0
1681830841088 61.6 0
1681831044094 60.4 0
1681831241157 55.800000000000004 0
1681831442854 50.0 0
1681831648398 51.4 0
1681831844916 47.199999999999996 0
1681832051512 42.199999999999996 0
1681832255615 38.4 0
1681832459070 32.2 0
1681832669723 34.599999999999994 0
1681832872091 29.599999999999998 0
1681833079921 30.0 0
1681833290527 30.2 0
1681833494904 30.599999999999998 0
1681833707851 29.2 0
1681833917102 27.400000000000002 0
