1681830068718 91.8 0
1681830247970 91.60000000000001 0
1681830447806 87.4 0
1681830645984 80.4 0
1681830841078 72.6 0
1681831044083 66.60000000000001 0
1681831241146 61.8 0
1681831442843 56.99999999999999 0
1681831648387 55.00000000000001 0
1681831844904 50.0 0
1681832051500 46.2 0
1681832255603 42.6 0
1681832459058 43.8 0
1681832669711 42.6 0
1681832872078 35.4 0
1681833079908 34.0 0
1681833290514 30.599999999999998 0
1681833494890 32.2 0
1681833707838 27.400000000000002 0
1681833917088 25.4 0
