1681830247975 0.6 0
1681830447813 52.2 0
1681830645990 73.2 0
1681830841083 72.39999999999999 0
1681831044089 71.39999999999999 0
1681831241152 69.19999999999999 0
1681831442849 66.2 0
1681831648392 59.8 0
1681831844910 55.800000000000004 0
1681832051506 47.599999999999994 0
1681832255609 43.0 0
1681832459064 44.6 0
1681832669717 39.800000000000004 0
1681832872085 38.0 0
1681833079914 38.4 0
1681833290520 35.6 0
1681833494897 36.199999999999996 0
1681833707844 33.800000000000004 0
1681833917095 32.2 0
