1681830068700 91.8 0
1681830247952 46.1 0
1681830447780 48.866666666666674 0
1681830645966 59.650000000000006 0
1681830841059 54.35999999999999 0
1681831044065 52.93333333333333 0
1681831241127 49.4 0
1681831442828 46.2 0
1681831648369 44.13333333333333 0
1681831844886 42.279999999999994 0
1681832051480 41.0 0
1681832255584 39.6 0
1681832459035 38.89230769230768 0
1681832669692 38.42857142857143 0
1681832872059 37.18666666666666 0
1681833079888 37.162499999999994 0
1681833290494 36.15294117647059 0
1681833494872 36.34444444444445 0
1681833707818 35.43157894736842 0
1681833917069 33.98 0
