1681830068711 91.8 0
1681830247963 91.4 0
1681830447795 90.2 0
1681830645977 88.44999999999999 0
1681830841070 86.4 0
1681831044076 84.4 0
1681831241139 85.45714285714284 0
1681831442838 84.425 0
1681831648379 82.97777777777777 0
1681831844897 83.46 0
1681832051492 82.80000000000001 0
1681832255595 82.55 0
1681832459049 82.61538461538461 0
1681832669704 82.85714285714286 0
1681832872071 82.70666666666668 0
1681833079900 82.57499999999999 0
1681833290506 82.96470588235293 0
1681833494883 82.3777777777778 0
1681833707830 82.32631578947367 0
1681833917080 82.04 0
