1679326567726 79.60000000000001 0
1679326696197 81.5 0
1679326826810 81.60000000000001 0
1679326959180 82.9 0
1679327089731 85.6 0
1679327220599 85.03333333333333 0
1679327351489 85.05714285714285 0
1679327481403 84.9 0
1679327611539 84.77777777777777 0
1679327744992 84.88 0
1679327875760 84.21818181818182 0
1679328008836 84.81666666666668 0
1679328143168 84.4923076923077 0
1679328277306 84.15714285714284 0
1679328410656 83.42666666666668 0
1679328546098 83.05 0
1679328682266 82.63529411764705 0
1679328817161 82.15555555555555 0
1679328953690 81.94736842105262 0
1679329089202 82.69000000000001 0
