1681664823500 86.6 0
1681665636548 66.5 0
1681666450687 59.6 0
1681667263372 48.099999999999994 0
1681668076605 50.28000000000001 0
1681668890004 42.166666666666664 0
1681669706388 35.05714285714286 0
1681670520375 32.375 0
1681671336876 30.866666666666667 0
1681672153617 33.0 0
1681672971788 27.727272727272727 0
1681673790857 26.183333333333337 0
1681674611252 27.307692307692314 0
1681675432123 25.5 0
1681676253919 21.96 0
1681677073576 20.5375 0
1681677895608 20.41176470588235 0
1681678718636 20.133333333333333 0
1681679540026 17.873684210526317 0
1681680362133 16.68 0
