1681664823517 86.6 0
1681665636565 82.9 0
1681666450704 84.6 0
1681667263389 78.5 0
1681668076622 84.63999999999999 0
1681668890021 84.56666666666666 0
1681669706405 80.37142857142858 0
1681670520392 83.1 0
1681671336891 83.04444444444445 0
1681672153634 82.16000000000001 0
1681672971806 80.6 0
1681673790874 82.71666666666668 0
1681674611269 81.0923076923077 0
1681675432140 80.41428571428573 0
1681676253939 80.05333333333333 0
1681677073594 77.275 0
1681677895615 80.71764705882354 0
1681678718654 76.04444444444444 0
1681679540044 76.03157894736843 0
1681680362151 77.33000000000001 0
