1681769038292 83.6 0
1681769200655 85.19999999999999 0
1681769365646 85.73333333333333 0
1681769529412 82.25 0
1681769694122 81.88000000000001 0
1681769859399 83.3 0
1681770024419 81.22857142857143 0
1681770190835 81.6 0
1681770360188 82.35555555555555 0
1681770527846 82.04 0
1681770694851 81.8 0
1681770862814 80.68333333333334 0
1681771031108 80.93846153846154 0
1681771203109 81.42857142857143 0
1681771370820 78.81333333333332 0
1681771545420 78.425 0
1681771727800 77.45882352941176 0
1681771909968 78.40000000000002 0
1681772093955 78.2 0
1681772278551 78.89999999999999 0
