1681769038281 83.6 0
1681769200644 72.39999999999999 0
1681769365634 63.46666666666666 0
1681769529401 51.35 0
1681769694110 47.480000000000004 0
1681769859389 43.56666666666666 0
1681770024408 37.971428571428575 0
1681770190823 34.65 0
1681770360177 33.31111111111111 0
1681770527834 31.9 0
1681770694840 32.018181818181816 0
1681770862802 28.166666666666668 0
1681771031097 26.184615384615384 0
1681771203098 25.6 0
1681771370808 23.37333333333333 0
1681771545409 23.0 0
1681771727788 21.41176470588235 0
1681771909957 18.555555555555557 0
1681772093935 17.821052631578947 0
1681772278540 14.410000000000002 0
