1708654650936 83.6 0
1708655571152 77.60000000000001 1
1708656497848 70.0 2
1708657421159 69.39999999999999 3
1708658346298 68.8 4
1708659267602 65.4 5
1708660189676 65.0 6
1708661113444 61.6 7
1708662045019 61.6 8
1708662974577 55.400000000000006 9
1708663902935 52.400000000000006 10
1708664833708 55.800000000000004 11
1708665763866 51.6 12
1708666695772 50.4 13
1708667628866 54.400000000000006 14
1708668562942 53.400000000000006 15
1708669497976 52.6 16
1708670445606 48.8 17
1708671382981 45.0 18
