1708653730824 75.4 0
1708654650872 57.099999999999994 1
1708655571077 46.73333333333333 2
1708656497760 37.95 3
1708657421058 32.160000000000004 4
1708658346180 25.566666666666666 5
1708659267469 21.371428571428574 6
1708660189529 18.599999999999998 7
1708661113279 16.844444444444445 8
1708662044835 14.2 9
1708662974376 12.890909090909089 10
1708663902718 12.883333333333331 11
1708664833476 11.184615384615386 12
1708665763615 10.328571428571427 13
1708666695498 9.6 14
1708667628571 9.0 15
1708668562625 8.117647058823529 16
1708669497633 7.588888888888889 17
1708670445243 7.252631578947369 18
1708671382588 6.29 19
