1708653730838 75.4 0
1708654650884 76.3 1
1708655571089 75.73333333333333 2
1708656497773 72.3 3
1708657421071 70.64 4
1708658346193 66.89999999999999 5
1708659267483 64.91428571428573 6
1708660189543 65.3 7
1708661113294 63.48888888888889 8
1708662044849 60.78000000000001 9
1708662974391 60.56363636363637 10
1708663902733 58.666666666666664 11
1708664833491 60.0923076923077 12
1708665763630 58.60000000000001 13
1708666695514 57.346666666666664 14
1708667628587 57.412499999999994 15
1708668562642 57.64705882352941 16
1708669497649 56.31111111111111 17
1708670445260 55.75789473684211 18
1708671382605 54.970000000000006 19
