1689915626354 82.19999999999999 0
1689915769600 50.0 1
1689915914342 36.4 2
1689916059708 30.8 3
1689916204849 28.4 4
1689916351335 27.0 5
1689916497947 19.0 6
1689916644869 22.400000000000002 7
1689916793006 34.0 8
1689916941692 29.799999999999997 9
1689917090488 27.200000000000003 10
1689917240103 20.0 11
1689917389118 27.200000000000003 12
1689917539382 29.2 13
1689917690102 21.4 14
1689917842072 20.599999999999998 15
1689917993006 30.599999999999998 16
1689918146368 16.0 17
1689918299830 38.800000000000004 18
1689918463875 20.8 19
