1689915626321 82.19999999999999 0
1689915769561 45.6 1
1689915914294 28.733333333333334 2
1689916059646 20.95 3
1689916204778 18.32 4
1689916351254 15.433333333333335 5
1689916497856 13.314285714285715 6
1689916644769 11.625 7
1689916792891 10.866666666666667 8
1689916941565 9.360000000000001 9
1689917090352 8.709090909090909 10
1689917239935 7.666666666666667 11
1689917388957 7.261538461538461 12
1689917539211 6.757142857142857 13
1689917689918 5.826666666666667 14
1689917841857 5.7875000000000005 15
1689917992794 4.847058823529411 16
1689918146140 5.055555555555555 17
1689918299585 4.7894736842105265 18
1689918463613 4.79 19
