1689915626335 82.19999999999999 0
1689915769572 70.6 1
1689915914305 61.26666666666667 2
1689916059660 50.25 3
1689916204791 47.839999999999996 4
1689916351268 43.666666666666664 5
1689916497869 45.4 6
1689916644780 44.625 7
1689916792905 45.17777777777778 8
1689916941580 45.84 9
1689917090365 42.74545454545455 10
1689917239949 38.46666666666667 11
1689917388971 42.23076923076922 12
1689917539222 41.857142857142854 13
1689917689929 39.2 14
1689917841871 38.1125 15
1689917992806 36.27058823529412 16
1689918146153 37.577777777777776 17
1689918299600 35.715789473684204 18
1689918463628 37.260000000000005 19
