1689912607695 0.0 0
1689912610955 2.0 1
1689912614785 1.3333333333333333 2
1689912619310 4.15 3
1689912624598 3.3200000000000003 4
1689912630521 2.766666666666667 5
1689912636914 3.142857142857143 6
1689912644337 2.75 7
1689912652355 2.4444444444444446 8
1689912661101 2.2 9
1689912670772 2.0 10
1689912680997 1.8333333333333333 11
1689912691757 1.6923076923076923 12
1689912703303 1.5714285714285714 13
1689912715374 1.6 14
1689912728352 1.5 15
1689912741695 1.411764705882353 16
1689912755826 1.3333333333333333 17
1689912770681 1.263157894736842 18
1689915423338 70.7 19
