1689912607709 20.0 0
1689912610970 20.0 1
1689912614799 19.733333333333334 2
1689912619328 19.8 3
1689912624611 19.84 4
1689912630535 19.866666666666667 5
1689912636928 19.8 6
1689912644350 19.825000000000003 7
1689912652368 19.355555555555558 8
1689912661115 19.42 9
1689912670785 19.490909090909096 10
1689912681009 19.51666666666667 11
1689912691776 19.55384615384616 12
1689912703316 19.000000000000004 13
1689912715389 19.06666666666667 14
1689912728366 19.125 15
1689912741708 18.61176470588235 16
1689912755840 18.688888888888886 17
1689912770694 18.757894736842104 18
1689915423352 95.06999999999998 19
