1682857279497 86.6 0
1682857584334 47.6 1
1682857890073 30.066666666666666 2
1682858195941 23.0 3
1682858502140 17.880000000000003 4
1682858809066 14.466666666666667 5
1682859117509 13.599999999999998 6
1682859426685 11.874999999999998 7
1682859736565 10.311111111111112 8
1682860046965 9.38 9
1682860357983 7.9818181818181815 10
1682860669223 7.5 11
1682860981824 6.96923076923077 12
1682861294651 6.757142857142857 13
1682861608007 6.599999999999999 14
1682861922378 5.7375 15
1682862237136 5.4 16
1682862551792 5.322222222222222 17
1682862867504 4.947368421052632 18
1682863183943 4.709999999999999 19
