1682857279510 86.6 0
1682857584347 82.80000000000001 1
1682857890085 67.46666666666665 2
1682858195955 72.1 3
1682858502153 69.16 4
1682858809081 65.06666666666668 5
1682859117522 64.85714285714286 6
1682859426698 63.14999999999999 7
1682859736579 65.3777777777778 8
1682860046979 62.38000000000001 9
1682860358004 62.4 10
1682860669237 62.449999999999996 11
1682860981838 60.50769230769231 12
1682861294666 58.24285714285715 13
1682861608021 54.22666666666667 14
1682861922391 56.5125 15
1682862237151 59.10588235294118 16
1682862551806 59.977777777777774 17
1682862867518 58.88421052631579 18
1682863183957 62.120000000000005 19
