1679388237815 27.400000000000002 0
1679388821002 50.8 0
1679389406718 48.199999999999996 0
1679389998951 44.2 0
1679390586364 39.0 0
1679391178996 35.199999999999996 0
1679391765911 26.8 0
1679392349446 23.599999999999998 0
1679392933516 22.400000000000002 0
1679393520584 20.8 0
1679394112426 16.8 0
1679394705205 14.799999999999999 0
1679395305170 11.600000000000001 0
1679395903407 11.600000000000001 0
1679396506690 9.6 0
1679397107393 6.6000000000000005 0
1679397709129 6.6000000000000005 0
1679398368645 5.0 0
