1679387087498 67.4 0
1679387659632 71.0 0
1679388237819 70.19999999999999 0
1679388821011 71.2 0
1679389406733 67.80000000000001 0
1679389998968 68.0 0
1679390586387 67.0 0
1679391179025 65.60000000000001 0
1679391765946 62.6 0
1679392349486 59.8 0
1679392933560 57.199999999999996 0
1679393520640 60.4 0
1679394112485 55.60000000000001 0
1679394705272 56.00000000000001 0
1679395305247 56.99999999999999 0
1679395903493 56.39999999999999 0
1679396506782 56.8 0
1679397107496 54.0 0
1679397709245 52.0 0
1679398368766 49.0 0
