1679387087490 67.4 0
1679387659620 78.1 0
1679388237803 75.6 0
1679388820988 76.4 0
1679389406704 73.28 0
1679389998937 74.2 0
1679390586350 73.42857142857143 0
1679391178982 73.8 0
1679391765888 73.11111111111111 0
1679392349431 71.78 0
1679392933501 70.38181818181819 0
1679393520568 71.05 0
1679394112409 70.38461538461539 0
1679394705189 69.68571428571428 0
1679395305153 68.73333333333333 0
1679395903388 68.4 0
1679396506672 67.08235294117648 0
1679397107374 67.02222222222223 0
1679397709109 65.71578947368421 0
1679398368625 65.15 0
