1679387087473 67.4 0
1679387659603 52.8 0
1679388237787 52.199999999999996 0
1679388820984 48.8 0
1679389406698 43.199999999999996 0
1679389998921 41.4 0
1679390586334 41.48571428571429 0
1679391178966 40.65 0
1679391765869 38.86666666666667 0
1679392349413 35.78 0
1679392933484 33.763636363636365 0
1679393520552 31.883333333333336 0
1679394112392 30.353846153846156 0
1679394705171 28.87142857142857 0
1679395305136 26.706666666666663 0
1679395903382 25.950000000000003 0
1679396506654 25.105882352941173 0
1679397107356 23.988888888888887 0
1679397709090 22.46315789473684 0
1679398368607 21.379999999999995 0
