1689852816652 83.8 0
1689852956535 76.6 1
1689853098190 60.0 2
1689853238421 57.85 3
1689853380677 49.6 4
1689853523541 46.86666666666667 5
1689853667714 46.68571428571429 6
1689853811484 42.525 7
1689853955520 40.82222222222222 8
1689854100550 39.64 9
1689854245755 34.36363636363637 10
1689854391771 36.166666666666664 11
1689854538835 36.36923076923077 12
1689854687555 37.857142857142854 13
1689854835020 37.94666666666667 14
1689854983296 34.712500000000006 15
1689855131802 37.54117647058824 16
1689855280510 35.97777777777778 17
1689855434019 35.62105263157895 18
1689855591544 37.3 19
