1689852816642 83.8 0
1689852956525 44.9 1
1689853098176 29.8 2
1689853238408 23.35 3
1689853380665 17.880000000000003 4
1689853523527 14.266666666666666 5
1689853667702 13.485714285714284 6
1689853811471 11.725 7
1689853955506 10.222222222222221 8
1689854100537 9.360000000000001 9
1689854245740 7.963636363636363 10
1689854391760 7.416666666666667 11
1689854538822 6.753846153846154 12
1689854687542 6.5 13
1689854835006 6.413333333333333 14
1689854983282 5.6375 15
1689855131791 5.482352941176471 16
1689855280496 5.2555555555555555 17
1689855434006 4.726315789473684 18
1689855591532 4.62 19
