1708611548649 75.2 0
1708612135978 72.8 1
1708612724055 66.2 2
1708613311777 67.2 3
1708613900638 70.39999999999999 4
1708614491556 68.0 5
1708615082811 70.19999999999999 6
1708615679961 65.0 7
1708616273491 63.2 8
1708616864624 66.2 9
1708617460723 63.0 10
1708618052160 65.4 11
1708618649162 61.199999999999996 12
1708619238052 61.199999999999996 13
1708619830987 61.6 14
1708620427979 61.6 15
1708621029256 57.99999999999999 16
1708621617293 57.4 17
1708622208679 58.8 18
1708622803660 57.99999999999999 19
