1708611548615 75.2 0
1708612135929 62.0 1
1708612723997 55.333333333333336 2
1708613311707 48.85 3
1708613900556 45.52 4
1708614491460 41.300000000000004 5
1708615082691 37.771428571428565 6
1708615679836 35.825 7
1708616273353 32.6888888888889 8
1708616864469 32.0 9
1708617460553 29.236363636363635 10
1708618051973 28.25 11
1708618648955 25.83076923076923 12
1708619237827 24.771428571428576 13
1708619830747 23.69333333333333 14
1708620427717 22.7875 15
1708621028977 21.776470588235295 16
1708621616965 21.211111111111112 17
1708622208356 20.431578947368422 18
1708622803320 20.08 19
