1708611548627 75.2 0
1708612135941 75.8 1
1708612724009 74.60000000000001 2
1708613311719 73.85000000000001 3
1708613900568 75.75999999999999 4
1708614491472 75.13333333333333 5
1708615082704 74.85714285714286 6
1708615679849 74.225 7
1708616273365 71.48888888888888 8
1708616864483 72.29999999999998 9
1708617460566 70.63636363636364 10
1708618051987 71.03333333333333 11
1708618648969 69.6 12
1708619237842 69.5142857142857 13
1708619830761 68.68 14
1708620427733 68.775 15
1708621028992 67.2235294117647 16
1708621616980 66.93333333333332 17
1708622208372 66.50526315789473 18
1708622803335 67.0 19
