1681772461787 86.0 0
1681772779920 87.1 0
1681773098828 87.53333333333335 0
1681773421497 87.1 0
1681773750087 88.76000000000002 0
1681774074399 88.86666666666667 0
1681774399767 88.97142857142856 0
1681774732102 89.375 0
1681775062015 90.0 0
1681775392804 89.8 0
1681775715680 90.12727272727273 0
1681776030914 89.51666666666667 0
1681776343388 89.41538461538462 0
1681776665616 89.27142857142857 0
1681776983306 87.97333333333333 0
1681777304500 87.775 0
1681777629179 85.98823529411764 0
1681777952997 86.22222222222223 0
1681778281356 85.4842105263158 0
1681778605654 86.15 0
