1681772461776 86.0 0
1681772779908 79.8 0
1681773098814 74.13333333333333 0
1681773421485 65.1 0
1681773750072 64.47999999999999 0
1681774074389 57.800000000000004 0
1681774399756 54.628571428571426 0
1681774732091 50.2 0
1681775062004 46.55555555555556 0
1681775392789 44.839999999999996 0
1681775715669 43.07272727272727 0
1681776030902 41.416666666666664 0
1681776343377 39.107692307692304 0
1681776665605 35.714285714285715 0
1681776983294 34.32000000000001 0
1681777304489 31.924999999999997 0
1681777629167 28.905882352941177 0
1681777952986 24.85555555555556 0
1681778281344 24.484210526315785 0
1681778605642 21.29 0
