1679336741388 88.6 0
1679336862215 60.0 0
1679336983554 39.800000000000004 0
1679337105504 36.199999999999996 0
1679337227793 37.0 0
1679337350584 31.6 0
1679337473714 23.200000000000003 0
1679337597017 22.8 0
1679337721068 23.799999999999997 0
1679337845371 21.0 0
1679337970152 17.8 0
1679338095671 16.400000000000002 0
1679338221497 14.000000000000002 0
1679338348116 17.0 0
1679338475214 13.0 0
1679338602770 14.6 0
1679338730803 9.6 0
1679338859136 13.600000000000001 0
1679338988075 8.799999999999999 0
1679339117311 7.6 0
