1679336741385 88.6 0
1679336862211 86.19999999999999 0
1679336983550 84.0 0
1679337105499 82.6 0
1679337227789 82.92 0
1679337350580 83.10000000000001 0
1679337473709 81.28571428571429 0
1679337597012 81.575 0
1679337721063 80.71111111111111 0
1679337845366 80.38 0
1679337970147 80.07272727272726 0
1679338095666 80.96666666666665 0
1679338221492 80.01538461538462 0
1679338348111 79.67142857142858 0
1679338475208 78.16 0
1679338602764 76.95 0
1679338730797 77.68235294117646 0
1679338859129 77.73333333333333 0
1679338988068 77.05263157894737 0
1679339117304 77.67999999999999 0
