1708860886913 85.2 0
1708862369013 79.60000000000001 1
1708863850943 78.4 2
1708865334277 74.2 3
1708866817217 71.8 4
1708868301086 71.8 5
1708869783859 60.6 6
1708871267942 66.4 7
1708872752592 53.6 8
1708874237779 60.199999999999996 9
1708875724280 57.99999999999999 10
1708877210813 55.60000000000001 11
1708878699404 52.400000000000006 12
1708880186906 52.2 13
1708881676234 52.400000000000006 14
1708883165379 53.2 15
1708884654419 52.6 16
1708886144187 54.2 17
1708887633316 50.2 18
1708889123574 50.0 19
