1708860886869 85.2 0
1708862368955 63.89999999999999 1
1708863850866 59.46666666666666 2
1708865334188 54.6 3
1708866817106 49.64 4
1708868300944 44.36666666666667 5
1708869783715 26.657142857142862 6
1708871267787 36.625 7
1708872752416 18.977777777777778 8
1708874237574 28.659999999999997 9
1708875724066 27.163636363636364 10
1708877210569 25.25 11
1708878699153 21.876923076923074 12
1708880186636 23.48571428571429 13
1708881675933 20.42666666666667 14
1708883165058 18.0375 15
1708884654056 16.38823529411765 16
1708886143804 17.055555555555557 17
1708887632912 14.810526315789472 18
1708889123160 14.88 19
