1708860886884 85.2 0
1708862368970 74.2 1
1708863850882 77.26666666666667 2
1708865334203 75.05 3
1708866817122 74.35999999999999 4
1708868300968 71.76666666666667 5
1708869783732 60.22857142857142 6
1708871267802 68.675 7
1708872752432 55.2 8
1708874237591 64.6 9
1708875724084 63.41818181818182 10
1708877210587 62.1 11
1708878699170 60.0 12
1708880186653 60.39999999999999 13
1708881675951 59.57333333333334 14
1708883165077 59.1 15
1708884654075 56.48235294117647 16
1708886143825 56.588888888888896 17
1708887632932 54.36842105263158 18
1708889123179 53.96 19
