1682802173715 85.2 0
1682802478459 50.1 1
1682802784414 30.8 2
1682803091448 23.55 3
1682803399009 18.28 4
1682803707308 14.9 5
1682804016698 13.742857142857144 6
1682804326799 11.85 7
1682804637259 10.2 8
1682804948108 9.2 9
1682805260030 8.0 10
1682805572184 7.433333333333334 11
1682805884870 6.815384615384615 12
1682806197435 6.7 13
1682806511786 6.56 14
1682806825835 5.7625 15
1682807141229 5.411764705882353 16
1682807456617 5.288888888888888 17
1682807772778 4.7894736842105265 18
1682808089623 4.7 19
