1682802173729 85.2 0
1682802478472 81.6 1
1682802784427 70.86666666666667 2
1682803091462 72.8 3
1682803399022 67.76 4
1682803707322 63.93333333333334 5
1682804016711 64.82857142857144 6
1682804326813 59.85 7
1682804637272 64.26666666666667 8
1682804948122 62.24000000000001 9
1682805260043 61.0 10
1682805572198 62.08333333333334 11
1682805884884 62.29230769230771 12
1682806197448 59.800000000000004 13
1682806511800 58.893333333333324 14
1682806825849 55.8125 15
1682807141243 60.27058823529411 16
1682807456632 59.5 17
1682807772792 60.51578947368421 18
1682808089636 61.3 19
