1682771882172 92.80000000000001 0
1682772188875 64.4 1
1682772496218 67.60000000000001 2
1682772804455 55.00000000000001 3
1682773113210 59.8 4
1682773422503 56.599999999999994 5
1682773732517 60.199999999999996 6
1682774043028 51.4 7
1682774354987 43.0 8
1682774666939 37.6 9
1682774979999 46.800000000000004 10
1682775293336 48.4 11
1682775606474 43.8 12
1682775921155 48.6 13
1682776236485 44.6 14
1682776552252 48.4 15
1682776868853 52.6 16
1682777186120 44.800000000000004 17
1682777504171 45.6 18
