1682771575747 86.2 0
1682771882163 73.4 1
1682772188867 68.0 2
1682772496209 68.4 3
1682772804446 68.60000000000001 4
1682773113201 65.0 5
1682773422494 59.199999999999996 6
1682773732507 53.400000000000006 7
1682774043018 54.400000000000006 8
1682774354977 46.0 9
1682774666918 47.599999999999994 10
1682774979990 51.6 11
1682775293326 56.39999999999999 12
1682775606464 54.0 13
1682775921145 52.800000000000004 14
1682776236474 49.8 15
1682776552241 57.199999999999996 16
1682776868843 47.4 17
1682777186109 59.599999999999994 18
1682777504160 63.0 19
