1682771575729 86.2 0
1682771882137 83.10000000000001 1
1682772188831 73.93333333333334 2
1682772496164 74.85 3
1682772804393 70.72 4
1682773113130 69.06666666666666 5
1682773422421 68.91428571428571 6
1682773732425 65.55 7
1682774042925 64.11111111111111 8
1682774354873 60.580000000000005 9
1682774666802 60.78181818181818 10
1682774979862 63.68333333333334 11
1682775293187 61.29230769230768 12
1682775606313 62.61428571428572 13
1682775920980 58.22666666666667 14
1682776236298 58.7125 15
1682776552050 62.54117647058824 16
1682776868640 58.25555555555556 17
1682777185890 59.800000000000004 18
1682777503927 63.28000000000001 19
