1682771575715 86.2 0
1682771882123 49.50000000000001 1
1682772188818 29.86666666666667 2
1682772496151 23.35 3
1682772804379 18.240000000000002 4
1682773113107 14.466666666666669 5
1682773422407 13.799999999999999 6
1682773732416 11.825 7
1682774042911 10.244444444444445 8
1682774354860 9.120000000000001 9
1682774666789 7.854545454545455 10
1682774979848 7.550000000000001 11
1682775293174 6.923076923076923 12
1682775606300 6.642857142857143 13
1682775920967 6.4 14
1682776236285 5.75 15
1682776552037 5.4823529411764715 16
1682776868626 5.155555555555556 17
1682777185877 4.821052631578948 18
1682777503912 4.680000000000001 19
