1681591397083 86.6 0
1681591529047 76.2 0
1681591661445 68.8 0
1681591794496 59.599999999999994 0
1681591927835 52.400000000000006 0
1681592061424 49.0 0
1681592196131 44.0 0
1681592331098 45.0 0
1681592465919 39.800000000000004 0
1681592601940 37.4 0
1681592738138 37.6 0
1681592875131 33.800000000000004 0
1681593011568 28.799999999999997 0
1681593148731 28.000000000000004 0
1681593291210 27.400000000000002 0
1681593437781 24.4 0
1681593587487 23.200000000000003 0
1681593738875 22.0 0
1681593890861 22.2 0
1681594042913 20.200000000000003 0
