1681591529052 80.80000000000001 0
1681591661450 78.60000000000001 0
1681591794501 70.0 0
1681591927840 61.6 0
1681592061429 56.99999999999999 0
1681592196136 49.4 0
1681592331103 47.199999999999996 0
1681592465924 46.0 0
1681592601946 38.800000000000004 0
1681592738144 35.0 0
1681592875137 34.8 0
1681593011574 29.799999999999997 0
1681593148737 29.2 0
1681593291216 29.599999999999998 0
1681593437788 32.4 0
1681593587494 30.8 0
1681593738882 28.999999999999996 0
1681593890868 27.0 0
1681594042920 27.0 0
