1681591397062 86.6 0
1681591529035 78.5 0
1681591661436 71.0 0
1681591794475 65.10000000000001 0
1681591927825 60.8 0
1681592061413 59.43333333333333 0
1681592196109 55.114285714285714 0
1681592331076 53.1 0
1681592465896 50.28888888888889 0
1681592601918 47.919999999999995 0
1681592738113 45.56363636363636 0
1681592875108 44.79999999999999 0
1681593011544 42.43076923076923 0
1681593148718 41.84285714285715 0
1681593291186 39.85333333333333 0
1681593437767 39.2 0
1681593587462 38.16470588235295 0
1681593738860 37.666666666666664 0
1681593890836 36.24210526315789 0
1681594042887 34.72 0
