1681591397079 86.6 0
1681591529042 85.5 0
1681591661440 86.93333333333334 0
1681591794491 84.44999999999999 0
1681591927830 85.04 0
1681592061418 85.33333333333333 0
1681592196126 85.11428571428571 0
1681592331093 85.525 0
1681592465913 84.02222222222221 0
1681592601935 83.42 0
1681592738133 84.16363636363636 0
1681592875125 84.63333333333334 0
1681593011561 84.07692307692308 0
1681593148724 83.85714285714286 0
1681593291204 83.78666666666666 0
1681593437774 83.51249999999999 0
1681593587480 83.76470588235294 0
1681593738868 83.27777777777777 0
1681593890853 83.07368421052632 0
1681594042905 83.47 0
