1690037223491 86.4 0
1690037532847 86.7 1
1690037849675 86.39999999999999 2
1690038160860 86.15 3
1690038480912 85.16 4
1690038792814 84.26666666666667 5
1690039105630 84.14285714285714 6
1690039418266 84.0 7
1690039731940 83.35555555555555 8
1690040043780 83.62 9
1690040357997 82.94545454545457 10
1690040671416 81.38333333333334 11
1690040987867 81.83076923076922 12
1690041305845 80.1857142857143 13
1690041621674 80.50666666666666 14
1690041937929 79.92500000000001 15
1690042254168 80.36470588235295 16
1690042573800 79.78888888888888 17
1690042894671 80.3157894736842 18
1690043214370 79.53999999999999 19
