1690037223480 86.4 0
1690037532821 69.7 1
1690037849665 60.333333333333336 2
1690038160849 52.6 3
1690038480901 45.6 4
1690038792799 42.199999999999996 5
1690039105616 39.457142857142856 6
1690039418254 36.150000000000006 7
1690039731927 33.46666666666667 8
1690040043765 31.98 9
1690040357983 29.8 10
1690040671402 26.683333333333334 11
1690040987853 26.230769230769234 12
1690041305831 22.77142857142857 13
1690041621662 24.09333333333333 14
1690041937915 24.25 15
1690042254154 21.258823529411764 16
1690042573786 19.511111111111113 17
1690042894656 19.157894736842106 18
1690043214355 16.82 19
