1708917379153 82.8 0
1708919932667 68.2 1
1708922578557 69.0 2
1708925321689 56.599999999999994 3
1708927975112 57.599999999999994 4
1708930600356 54.2 5
1708933231156 50.6 6
1708935894103 48.8 7
1708938658982 42.4 8
1708941556804 44.6 9
1708944442210 43.4 10
1708947566978 40.400000000000006 11
1708950922344 37.6 12
1708954264835 40.400000000000006 13
1708957507817 37.6 14
1708960653407 36.6 15
1708963696075 34.599999999999994 16
1708966721356 34.8 17
1708969721349 36.4 18
1708972647485 31.0 19
