1708917379159 82.8 0
1708919932679 81.2 1
1708922578572 79.0 2
1708925321710 76.0 3
1708927975139 75.8 4
1708930600390 74.6 5
1708933231195 72.39999999999999 6
1708935894148 69.39999999999999 7
1708938659034 67.60000000000001 8
1708941556863 66.2 9
1708944442277 65.2 10
1708947567053 64.4 11
1708950922427 58.8 12
1708954264926 62.6 13
1708957507917 61.199999999999996 14
1708960653517 60.6 15
1708963696195 61.0 16
1708966721486 57.99999999999999 17
1708969721490 58.199999999999996 18
1708972647636 54.0 19
