1708917379145 82.8 0
1708919932659 75.69999999999999 1
1708922578550 77.4 2
1708925321681 75.60000000000001 3
1708927975104 77.55999999999999 4
1708930600349 75.36666666666667 5
1708933231148 73.39999999999999 6
1708935894095 70.775 7
1708938658975 68.95555555555556 8
1708941556796 69.38 9
1708944442203 68.50909090909092 10
1708947566971 67.16666666666667 11
1708950922336 64.84615384615384 12
1708954264828 65.3 13
1708957507809 64.08000000000001 14
1708960653399 63.575 15
1708963696067 61.83529411764706 16
1708966721348 61.33333333333332 17
1708969721341 60.284210526315796 18
1708972647477 59.86 19
