1708917379133 82.8 0
1708919932647 64.7 1
1708922578540 61.0 2
1708925321670 54.9 3
1708927975093 52.75999999999999 4
1708930600337 44.93333333333333 5
1708933231137 39.228571428571435 6
1708935894084 34.125 7
1708938658963 31.62222222222222 8
1708941556785 30.159999999999997 9
1708944442192 28.49090909090909 10
1708947566960 27.733333333333334 11
1708950922325 26.507692307692306 12
1708954264815 25.314285714285717 13
1708957507798 23.01333333333333 14
1708960653388 22.075 15
1708963696055 20.011764705882353 16
1708966721337 19.322222222222223 17
1708969721330 17.873684210526317 18
1708972647465 17.18 19
