1682916291104 92.4 0
1682916421783 93.4 1
1682916564304 93.4 2
1682916707175 90.4 3
1682916849974 85.39999999999999 4
1682916994396 83.39999999999999 5
1682917138272 82.39999999999999 6
1682917283122 78.0 7
1682917428361 76.2 8
1682917574511 74.2 9
1682917720968 71.39999999999999 10
1682917867451 69.8 11
1682918014654 67.2 12
1682918162238 66.60000000000001 13
1682918310679 65.60000000000001 14
1682918459687 65.2 15
1682918608345 64.4 16
1682918758416 62.0 17
1682918909472 60.0 18
1682919059730 54.400000000000006 19
