1682916291109 92.4 0
1682916421794 93.4 1
1682916564321 93.8 2
1682916707199 94.19999999999999 3
1682916850003 95.0 4
1682916994431 95.19999999999999 5
1682917138312 94.6 6
1682917283171 94.39999999999999 7
1682917428415 94.19999999999999 8
1682917574574 93.4 9
1682917721041 93.2 10
1682917867530 94.0 11
1682918014744 93.2 12
1682918162334 94.0 13
1682918310784 93.8 14
1682918459804 92.2 15
1682918608471 91.4 16
1682918758557 91.60000000000001 17
1682918909621 92.60000000000001 18
1682919059895 91.0 19
