1682916291082 92.4 0
1682916421772 46.7 1
1682916564281 51.800000000000004 2
1682916707153 60.05 3
1682916849952 60.760000000000005 4
1682916994373 60.1 5
1682917138260 59.34285714285715 6
1682917283110 57.3 7
1682917428337 55.22222222222222 8
1682917574488 53.82000000000001 9
1682917720955 53.25454545454545 10
1682917867427 52.53333333333333 11
1682918014630 52.276923076923076 12
1682918162214 51.37142857142858 13
1682918310654 51.25333333333333 14
1682918459672 51.1375 15
1682918608319 50.34117647058823 16
1682918758390 49.211111111111116 17
1682918909446 48.873684210526314 18
1682919059704 48.11000000000001 19
