1682916291098 92.4 0
1682916421778 91.1 1
1682916564298 92.53333333333335 2
1682916707170 91.75 3
1682916849969 91.71999999999998 4
1682916994390 90.66666666666667 5
1682917138266 91.62857142857142 6
1682917283116 90.275 7
1682917428355 88.88888888888889 8
1682917574505 89.10000000000001 9
1682917720961 89.23636363636363 10
1682917867444 88.59999999999998 11
1682918014647 89.12307692307694 12
1682918162231 88.82857142857142 13
1682918310672 89.02666666666667 14
1682918459680 89.3125 15
1682918608337 89.41176470588235 16
1682918758408 88.85555555555555 17
1682918909464 89.05263157894737 18
1682919059722 88.56 19
