1682771869614 90.4 0
1682772670844 91.4 1
1682773469150 86.6 2
1682774261685 82.19999999999999 3
1682775055488 80.80000000000001 4
1682775849852 79.60000000000001 5
1682776638870 75.6 6
1682777423834 71.6 7
1682778205118 70.8 8
1682778983230 70.19999999999999 9
1682779757774 69.39999999999999 10
1682780529341 66.2 11
1682781297729 63.2 12
1682782064410 63.800000000000004 13
1682782828034 59.4 14
1682783587137 57.8 15
1682784342745 54.6 16
1682785095316 53.6 17
1682785844724 55.00000000000001 18
1682786112483 53.6 19
