1682771869620 90.4 0
1682772670865 93.4 1
1682773469167 93.60000000000001 2
1682774261711 93.4 3
1682775055519 93.2 4
1682775849889 93.60000000000001 5
1682776638915 94.6 6
1682777423894 94.19999999999999 7
1682778205177 94.0 8
1682778983297 94.6 9
1682779757854 94.19999999999999 10
1682780529426 93.60000000000001 11
1682781297826 93.4 12
1682782064513 94.19999999999999 13
1682782828148 94.39999999999999 14
1682783587258 94.0 15
1682784342876 93.8 16
1682785095467 93.8 17
1682785844877 93.60000000000001 18
1682786112655 93.0 19
