1682771869609 90.4 0
1682772670833 89.4 1
1682773469144 92.13333333333333 2
1682774261679 93.05000000000001 3
1682775055482 92.92 4
1682775849846 94.0 5
1682776638864 94.14285714285714 6
1682777423824 94.1 7
1682778205111 94.13333333333333 8
1682778983223 94.16 9
1682779757764 93.16363636363636 10
1682780529334 93.16666666666667 11
1682781297716 92.72307692307692 12
1682782064402 92.97142857142856 13
1682782828026 92.79999999999998 14
1682783587129 92.3875 15
1682784342737 91.97647058823529 16
1682785095308 92.2111111111111 17
1682785844715 91.85263157894737 18
1682786112474 91.85 19
