1682789965058 82.0 0
1682790269099 79.6 1
1682790574251 71.73333333333333 2
1682790880062 67.55000000000001 3
1682791185898 64.24000000000001 4
1682791492100 64.06666666666666 5
1682791800242 62.00000000000001 6
1682792108600 59.550000000000004 7
1682792417223 58.400000000000006 8
1682792726825 57.5 9
1682793037459 54.0 10
1682793349120 55.18333333333334 11
1682793660870 51.353846153846156 12
1682793974071 52.90000000000001 13
1682794286963 49.62666666666667 14
1682794600320 50.3125 15
1682794913758 51.21176470588235 16
1682795228740 49.98888888888889 17
1682795544202 49.1578947368421 18
1682795860027 49.510000000000005 19
