1682789965046 82.0 0
1682790269086 46.5 1
1682790574228 28.866666666666664 2
1682790880048 22.900000000000002 3
1682791185883 17.6 4
1682791492088 14.566666666666665 5
1682791800231 13.571428571428571 6
1682792108586 12.000000000000002 7
1682792417209 10.066666666666668 8
1682792726813 9.8 9
1682793037446 7.781818181818181 10
1682793349106 7.466666666666666 11
1682793660856 6.676923076923076 12
1682793974057 6.5 13
1682794286950 6.373333333333333 14
1682794600307 5.5125 15
1682794913745 5.329411764705883 16
1682795228726 5.022222222222222 17
1682795544188 4.715789473684211 18
1682795860013 4.6899999999999995 19
