1689912745657 86.8 0
1689912890056 47.8 1
1689913033605 37.4 2
1689913179003 38.800000000000004 3
1689913326253 26.8 4
1689913473740 29.799999999999997 5
1689913621712 20.8 6
1689913769002 27.200000000000003 7
1689913917582 17.2 8
1689914066856 18.2 9
1689914216415 16.400000000000002 10
1689914367196 23.400000000000002 11
1689914517717 21.4 12
1689914669908 25.4 13
1689914821715 23.599999999999998 14
1689914973819 21.2 15
1689915126724 13.600000000000001 16
1689915280096 21.2 17
1689915435369 16.400000000000002 18
