1689912594158 90.4 0
1689912745617 69.7 1
1689912890007 62.599999999999994 2
1689913033549 51.900000000000006 3
1689913178936 52.28000000000001 4
1689913326176 47.666666666666664 5
1689913473651 48.65714285714286 6
1689913621614 42.7 7
1689913768875 41.3111111111111 8
1689913917455 39.739999999999995 9
1689914066723 37.89090909090909 10
1689914216270 36.46666666666667 11
1689914367037 38.33846153846154 12
1689914517546 42.92857142857143 13
1689914669723 42.66666666666666 14
1689914821518 38.787499999999994 15
1689914973607 35.023529411764706 16
1689915126497 36.14444444444444 17
1689915279852 37.09473684210527 18
1689915435112 33.03 19
