1689912594143 90.4 0
1689912745593 43.4 1
1689912889984 31.53333333333333 2
1689913033535 23.400000000000002 3
1689913178923 18.560000000000002 4
1689913326162 16.033333333333335 5
1689913473637 13.4 6
1689913621600 11.675 7
1689913768862 10.6 8
1689913917431 9.360000000000001 9
1689914066708 7.745454545454546 10
1689914216258 7.5 11
1689914367026 6.769230769230769 12
1689914517533 6.857142857142857 13
1689914669709 6.266666666666667 14
1689914821503 5.525 15
1689914973592 5.023529411764706 16
1689915126483 5.2555555555555555 17
1689915279838 4.6947368421052635 18
1689915435097 4.7 19
