1689889709535 23.400000000000002 0
1689889712729 23.400000000000002 1
1689889716567 23.400000000000002 2
1689889721158 23.400000000000002 3
1689889726446 23.400000000000002 4
1689889732424 23.400000000000002 5
1689889738989 23.400000000000002 6
1689889746145 23.400000000000002 7
1689889754057 23.400000000000002 8
1689889762471 23.400000000000002 9
1689889771807 23.400000000000002 10
1689889781840 23.400000000000002 11
1689889792576 23.400000000000002 12
1689889804104 23.400000000000002 13
1689889816165 23.400000000000002 14
1689889828752 23.400000000000002 15
1689889842439 23.400000000000002 16
1689889856616 23.400000000000002 17
1689889871432 23.400000000000002 18
1689892523569 91.60000000000001 19
