1689889709516 23.400000000000002 0
1689889712685 24.700000000000003 1
1689889716530 23.066666666666666 2
1689889721111 22.65 3
1689889726389 21.96 4
1689889732347 21.633333333333336 5
1689889738912 21.400000000000002 6
1689889746057 21.225 7
1689889753957 21.08888888888889 8
1689889762360 20.98 9
1689889771685 20.89090909090909 10
1689889781705 21.733333333333334 11
1689889792430 21.6 12
1689889803946 21.485714285714288 13
1689889815994 21.386666666666667 14
1689889828565 21.35 15
1689889842240 21.27058823529412 16
1689889856402 21.244444444444447 17
1689889871191 21.189473684210526 18
1689892523322 94.80999999999999 19
