1708741131855 79.80000000000001 0
1708742891057 73.69999999999999 1
1708744717935 75.46666666666665 2
1708746544710 76.15 3
1708748376783 77.03999999999999 4
1708750209667 74.66666666666667 5
1708752044173 74.77142857142857 6
1708753877333 73.325 7
1708755713746 72.22222222222223 8
1708757548804 71.28 9
1708759381769 70.0 10
1708761219572 69.06666666666666 11
1708763054643 68.18461538461538 12
1708764891819 67.41428571428573 13
1708766731401 65.90666666666667 14
1708768568985 64.8125 15
1708770405029 65.02352941176471 16
1708772241548 64.1 17
1708774079061 63.599999999999994 18
1708775920545 62.8 19
