1708741131843 79.80000000000001 0
1708742891044 39.300000000000004 1
1708744717922 38.06666666666666 2
1708746544698 43.900000000000006 3
1708748376770 43.84 4
1708750209652 40.7 5
1708752044159 41.39999999999999 6
1708753877319 37.0 7
1708755713732 35.84444444444445 8
1708757548790 34.559999999999995 9
1708759381754 32.03636363636363 10
1708761219558 29.433333333333337 11
1708763054628 27.307692307692303 12
1708764891803 26.05714285714286 13
1708766731384 24.30666666666667 14
1708768568969 22.849999999999998 15
1708770405013 22.24705882352941 16
1708772241531 20.833333333333336 17
1708774079045 20.410526315789475 18
1708775920527 19.709999999999997 19
