1681759619986 90.4 0
1681759833897 82.6 0
1681760049176 77.60000000000001 0
1681760262338 69.8 0
1681760479959 62.2 0
1681760694146 47.199999999999996 0
1681760911143 44.800000000000004 0
1681761127631 44.800000000000004 0
1681761346936 35.8 0
1681761568276 38.0 0
1681761788782 31.0 0
1681762011914 34.0 0
1681762232665 31.2 0
1681762457497 25.6 0
1681762681124 23.799999999999997 0
1681762906227 23.599999999999998 0
1681763129313 22.6 0
1681763354526 23.599999999999998 0
1681763579129 21.4 0
1681763803223 18.6 0
