1681759619968 90.4 0
1681759833879 79.3 0
1681760049158 77.80000000000001 0
1681760262319 70.95 0
1681760479939 65.36 0
1681760694127 61.9 0
1681760911124 58.628571428571426 0
1681761127613 55.675 0
1681761346917 52.044444444444444 0
1681761568257 51.220000000000006 0
1681761788764 48.34545454545455 0
1681762011894 45.349999999999994 0
1681762232646 41.830769230769235 0
1681762457477 41.628571428571426 0
1681762681105 40.64 0
1681762906207 38.8875 0
1681763129293 34.400000000000006 0
1681763354493 33.777777777777786 0
1681763579109 32.642105263157895 0
1681763803204 31.72 0
