1681213439249 81.8 0
1681213571053 72.6 0
1681213704426 67.60000000000001 0
1681213837340 62.2 0
1681213971476 59.8 0
1681214105287 53.400000000000006 0
1681214243216 51.2 0
1681214380271 46.400000000000006 0
1681214516992 41.199999999999996 0
1681214658250 37.2 0
1681214801360 36.6 0
1681214944575 34.599999999999994 0
1681215087817 31.0 0
1681215232255 31.4 0
1681215377483 26.8 0
1681215521951 23.0 0
1681215666301 23.799999999999997 0
1681215806940 19.0 0
1681215945514 18.2 0
1681216085850 17.8 0
