1681213439240 81.8 0
1681213571045 74.69999999999999 0
1681213704417 62.400000000000006 0
1681213837331 59.300000000000004 0
1681213971467 56.44 0
1681214105278 55.699999999999996 0
1681214243206 53.51428571428572 0
1681214380249 50.825 0
1681214516970 50.08888888888889 0
1681214658227 47.9 0
1681214801337 47.10909090909092 0
1681214944552 44.98333333333334 0
1681215087801 42.38461538461539 0
1681215232234 42.82857142857142 0
1681215377471 40.06666666666667 0
1681215521926 38.4125 0
1681215666277 37.6 0
1681215806916 37.02222222222222 0
1681215945500 36.02105263157895 0
1681216085825 34.25 0
