1681213439245 81.8 0
1681213571049 84.19999999999999 0
1681213704422 82.19999999999999 0
1681213837335 84.0 0
1681213971471 86.32000000000001 0
1681214105283 85.76666666666665 0
1681214243211 85.79999999999998 0
1681214380266 86.225 0
1681214516987 85.28888888888888 0
1681214658244 85.7 0
1681214801354 85.47272727272727 0
1681214944569 85.11666666666667 0
1681215087811 84.86153846153846 0
1681215232250 84.89999999999999 0
1681215377477 84.08 0
1681215521943 83.9 0
1681215666295 84.28235294117647 0
1681215806933 83.34444444444445 0
1681215945507 83.30526315789474 0
1681216085843 83.28999999999999 0
