1680380506322 85.39999999999999 0
1680382757266 60.4 0
1680384970444 53.0 0
1680387166327 55.800000000000004 0
1680389220268 57.599999999999994 0
1680391181810 51.0 0
1680393139124 49.2 0
1680395133377 48.8 0
1680397081875 50.6 0
1680398997824 50.8 0
1680400955259 49.0 0
1680402915737 47.199999999999996 0
1680404880067 43.4 0
1680406905546 50.0 0
1680408875924 43.6 0
1680410792714 49.2 0
1680412736518 44.800000000000004 0
1680414724858 52.6 0
1680416641646 51.2 0
1680418646588 45.800000000000004 0
