1680380506318 85.39999999999999 0
1680382757262 86.1 0
1680384970440 81.66666666666667 0
1680387166322 74.75 0
1680389220263 75.16 0
1680391181805 74.39999999999999 0
1680393139119 71.14285714285715 0
1680395133372 69.975 0
1680397081870 66.42222222222222 0
1680398997819 65.46 0
1680400955253 60.30909090909092 0
1680402915731 62.48333333333334 0
1680404880061 61.707692307692305 0
1680406905540 62.17142857142857 0
1680408875918 58.14666666666667 0
1680410792708 57.225 0
1680412736511 58.21176470588235 0
1680414724851 54.03333333333333 0
1680416641639 60.34736842105263 0
1680418646581 65.05999999999999 0
