1680380506301 85.39999999999999 0
1680382757245 74.2 0
1680384970424 46.199999999999996 0
1680387166306 35.9 0
1680389220247 30.32 0
1680391181789 22.900000000000002 0
1680393139102 19.74285714285714 0
1680395133355 17.225 0
1680397081853 14.955555555555556 0
1680398997801 14.52 0
1680400955236 12.981818181818182 0
1680402915714 11.666666666666666 0
1680404880044 10.399999999999999 0
1680406905523 10.1 0
1680408875901 8.813333333333333 0
1680410792690 8.825 0
1680412736493 8.08235294117647 0
1680414724833 7.944444444444445 0
1680416641621 7.684210526315789 0
1680418646563 7.13 0
