1681386349443 85.6 0
1681386586250 76.69999999999999 0
1681386849184 74.8 0
1681387116265 78.7 0
1681387381027 79.6 0
1681387646227 79.5 0
1681387912928 78.77142857142857 0
1681388177858 79.0 0
1681388444713 78.17777777777776 0
1681388711437 79.25999999999999 0
1681388981271 79.30909090909091 0
1681389242721 81.81666666666666 0
1681389512164 81.86153846153844 0
1681389782798 81.61428571428573 0
1681390050998 81.29333333333334 0
1681390320393 80.525 0
1681390590115 80.81176470588235 0
1681390860426 80.3888888888889 0
1681391130616 80.74736842105263 0
1681391400942 80.88000000000001 0
