1681386349426 85.6 0
1681386586233 38.4 0
1681386849165 33.266666666666666 0
1681387116248 39.95 0
1681387381010 40.92 0
1681387646210 42.93333333333334 0
1681387912923 38.60000000000001 0
1681388177841 38.900000000000006 0
1681388444696 36.422222222222224 0
1681388711420 35.68 0
1681388981254 36.800000000000004 0
1681389242704 37.3 0
1681389512146 38.01538461538462 0
1681389782781 37.957142857142856 0
1681390050981 35.93333333333333 0
1681390320376 34.575 0
1681390590097 32.91764705882353 0
1681390860408 32.111111111111114 0
1681391130598 31.85263157894737 0
1681391400935 31.199999999999996 0
