1689881150485 23.400000000000002 0
1689881153613 23.400000000000002 1
1689881157377 23.400000000000002 2
1689881161853 23.400000000000002 3
1689881167027 23.400000000000002 4
1689881172617 23.400000000000002 5
1689881179143 23.400000000000002 6
1689881186243 23.400000000000002 7
1689881193945 23.400000000000002 8
1689881202436 23.400000000000002 9
1689881211683 23.400000000000002 10
1689881221422 23.400000000000002 11
1689881231925 23.400000000000002 12
1689881243329 23.400000000000002 13
1689881255093 23.400000000000002 14
1689881267645 23.400000000000002 15
1689881280726 23.400000000000002 16
1689881295034 23.400000000000002 17
1689881310430 23.400000000000002 18
1689883943678 92.2 19
