1689881150466 23.400000000000002 0
1689881153586 24.700000000000003 1
1689881157340 23.066666666666666 2
1689881161807 22.65 3
1689881166970 21.96 4
1689881172550 21.633333333333336 5
1689881179066 21.400000000000002 6
1689881186155 21.225 7
1689881193838 21.08888888888889 8
1689881202326 20.98 9
1689881211561 20.89090909090909 10
1689881221288 21.733333333333334 11
1689881231778 21.6 12
1689881243140 21.485714285714288 13
1689881254921 21.386666666666667 14
1689881267460 21.35 15
1689881280525 21.27058823529412 16
1689881294820 21.244444444444447 17
1689881310203 21.189473684210526 18
1689883943430 94.8 19
