1682728888205 90.4 0
1682729130417 54.0 0
1682729373268 38.2 0
1682729616667 23.0 0
1682729861103 18.0 0
1682730105997 22.6 0
1682730350238 28.599999999999998 0
1682730596230 23.799999999999997 0
1682730843016 29.799999999999997 0
1682731090559 23.599999999999998 0
1682731338915 14.2 0
1682731587770 24.4 0
1682731836915 35.0 0
1682732087065 27.800000000000004 0
1682732338350 32.6 0
1682732589899 27.800000000000004 0
1682732841350 18.2 0
1682733094007 33.6 0
1682733348120 20.0 0
1682733601967 27.200000000000003 0
