1682728888175 90.4 0
1682729130380 46.6 0
1682729373219 30.46666666666667 0
1682729616609 21.8 0
1682729861036 17.759999999999998 0
1682730105923 13.633333333333333 0
1682730350152 12.942857142857145 0
1682730596135 10.775 0
1682730842911 9.11111111111111 0
1682731090444 8.86 0
1682731338788 8.41818181818182 0
1682731587633 7.466666666666668 0
1682731836764 7.292307692307692 0
1682732086904 6.185714285714285 0
1682732338175 6.12 0
1682732589713 5.675 0
1682732841150 5.435294117647059 0
1682733093790 4.811111111111111 0
1682733347891 5.073684210526316 0
1682733601723 4.119999999999999 0
