1681803918140 78.0 0
1681804101160 79.80000000000001 0
1681804284858 70.39999999999999 0
1681804469531 77.0 0
1681804657021 75.0 0
1681804837071 72.2 0
1681805017518 69.19999999999999 0
1681805197342 70.0 0
1681805376225 68.8 0
1681805557439 72.6 0
1681805738603 64.2 0
1681805921134 70.39999999999999 0
1681806104332 71.0 0
1681806287102 70.8 0
1681806471228 72.6 0
1681806656553 73.0 0
1681806843591 70.39999999999999 0
1681807027496 66.60000000000001 0
1681807214832 66.60000000000001 0
1681807401534 75.6 0
