1681803918116 78.0 0
1681804101130 78.0 0
1681804284822 62.4 0
1681804469485 63.00000000000001 0
1681804656975 59.75999999999999 0
1681804837023 54.63333333333333 0
1681805017462 52.74285714285714 0
1681805197280 49.849999999999994 0
1681805376155 46.99999999999999 0
1681805557365 44.660000000000004 0
1681805738519 42.72727272727272 0
1681805921046 42.76666666666667 0
1681806104235 41.599999999999994 0
1681806286996 39.51428571428572 0
1681806471114 39.093333333333334 0
1681806656430 37.6625 0
1681806843455 35.96470588235294 0
1681807027354 33.93333333333334 0
1681807214681 33.526315789473685 0
1681807401370 33.67 0
