1681803918127 78.0 0
1681804101141 85.80000000000001 0
1681804284834 82.06666666666666 0
1681804469500 86.4 0
1681804656987 86.16000000000001 0
1681804837034 86.36666666666667 0
1681805017474 85.88571428571429 0
1681805197291 85.975 0
1681805376167 85.93333333333334 0
1681805557375 85.17999999999999 0
1681805738532 84.32727272727273 0
1681805921057 85.33333333333333 0
1681806104247 85.16923076923078 0
1681806287008 85.85714285714286 0
1681806471125 85.88000000000002 0
1681806656441 86.0 0
1681806843467 86.02352941176471 0
1681807027365 84.66666666666667 0
1681807214692 85.01052631578948 0
1681807401382 85.10999999999999 0
