1682820567384 85.0 0
1682820874656 79.9 1
1682821181921 68.53333333333333 2
1682821488346 71.75 3
1682821796996 69.48 4
1682822106685 65.06666666666666 5
1682822416292 64.5142857142857 6
1682822726583 59.949999999999996 7
1682823037681 62.800000000000004 8
1682823350067 60.54 9
1682823662687 58.054545454545455 10
1682823975446 61.70000000000001 11
1682824289624 60.723076923076924 12
1682824604216 59.385714285714286 13
1682824919167 52.053333333333335 14
1682825234851 59.2 15
1682825550857 62.058823529411775 16
1682825868091 63.25555555555556 17
1682826185875 57.1578947368421 18
1682826505017 62.06 19
