1682820567371 85.0 0
1682820874643 45.8 1
1682821181906 29.666666666666668 2
1682821488332 22.85 3
1682821796982 18.240000000000002 4
1682822106672 14.799999999999999 5
1682822416278 13.685714285714283 6
1682822726568 11.899999999999999 7
1682823037667 10.244444444444445 8
1682823350054 9.18 9
1682823662674 7.854545454545455 10
1682823975432 7.533333333333334 11
1682824289611 6.846153846153846 12
1682824604203 6.685714285714286 13
1682824919153 6.8533333333333335 14
1682825234838 5.675 15
1682825550843 5.505882352941177 16
1682825868077 5.277777777777778 17
1682826185862 4.852631578947369 18
1682826505004 4.72 19
