1682683677941 80.60000000000001 0
1682683921268 42.4 0
1682684165194 26.6 0
1682684410433 21.6 0
1682684655965 26.200000000000003 0
1682684902006 15.6 0
1682685148332 28.000000000000004 0
1682685395988 7.8 0
1682685644180 16.400000000000002 0
1682685893126 17.8 0
1682686142453 33.0 0
1682686391775 32.4 0
1682686642247 27.800000000000004 0
1682686893363 25.4 0
1682687144524 30.0 0
1682687397641 14.399999999999999 0
1682687651323 19.0 0
1682687904963 16.0 0
1682688159049 20.200000000000003 0
1682688414048 22.6 0
