1682683677909 80.60000000000001 0
1682683921230 43.6 0
1682684165148 28.13333333333333 0
1682684410380 22.6 0
1682684655899 17.6 0
1682684901931 14.133333333333333 0
1682685148247 13.22857142857143 0
1682685395892 11.200000000000001 0
1682685644074 10.2 0
1682685893011 9.16 0
1682686142326 7.636363636363637 0
1682686391637 7.366666666666667 0
1682686642097 6.6 0
1682686893202 6.514285714285714 0
1682687144348 6.306666666666667 0
1682687397453 5.6125 0
1682687651122 5.223529411764706 0
1682687904749 5.066666666666666 0
1682688158820 4.726315789473684 0
1682688413784 4.55 0
