1682683677923 80.60000000000001 0
1682683921243 64.8 0
1682684165160 50.199999999999996 0
1682684410390 47.900000000000006 0
1682684655912 48.56 0
1682684901944 40.36666666666667 0
1682685148261 47.82857142857143 0
1682685395905 40.7 0
1682685644088 39.400000000000006 0
1682685893024 33.82000000000001 0
1682686142339 33.654545454545456 0
1682686391650 33.88333333333333 0
1682686642110 36.38461538461539 0
1682686893215 34.699999999999996 0
1682687144362 34.81333333333334 0
1682687397467 28.9375 0
1682687651135 29.705882352941178 0
1682687904763 33.66666666666667 0
1682688158834 31.86315789473684 0
1682688413798 31.45 0
