1681402182506 87.2 0
1681402310142 83.8 0
1681402449740 82.39999999999999 0
1681402589696 79.80000000000001 0
1681402729082 79.60000000000001 0
1681402869253 75.8 0
1681403009506 77.0 0
1681403150394 77.4 0
1681403291503 77.0 0
1681403432255 74.6 0
1681403571114 74.6 0
1681403710289 72.0 0
1681403850657 72.2 0
1681403991232 71.6 0
1681404131764 67.80000000000001 0
1681404272512 68.60000000000001 0
1681404413338 70.8 0
1681404554228 70.19999999999999 0
1681404695175 72.8 0
1681404837029 69.19999999999999 0
