1681402182502 87.2 0
1681402310133 83.2 0
1681402449725 73.4 0
1681402589677 63.0 0
1681402729058 53.6 0
1681402869223 46.800000000000004 0
1681403009471 47.199999999999996 0
1681403150352 43.0 0
1681403291456 34.0 0
1681403432199 34.4 0
1681403571053 30.8 0
1681403710222 26.400000000000002 0
1681403850581 24.2 0
1681403991149 23.200000000000003 0
1681404131670 22.0 0
1681404272410 19.400000000000002 0
1681404413225 20.8 0
1681404554102 20.599999999999998 0
1681404695045 22.2 0
1681404836881 17.4 0
