1681402182497 87.2 0
1681402310128 85.19999999999999 0
1681402449721 85.39999999999999 0
1681402589673 84.7 0
1681402729053 86.84 0
1681402869219 84.8 0
1681403009466 84.8 0
1681403150347 85.125 0
1681403291451 84.06666666666666 0
1681403432193 83.9 0
1681403571047 82.85454545454546 0
1681403710216 83.06666666666666 0
1681403850575 83.26153846153846 0
1681403991143 82.7 0
1681404131664 82.24000000000001 0
1681404272404 81.30000000000001 0
1681404413218 82.27058823529411 0
1681404554096 81.8111111111111 0
1681404695038 82.05263157894737 0
1681404836873 82.08 0
