1681402182492 87.2 0
1681402310112 62.0 0
1681402449704 62.73333333333333 0
1681402589668 63.8 0
1681402729036 62.04 0
1681402869202 58.06666666666667 0
1681403009449 56.22857142857142 0
1681403150330 52.75 0
1681403291435 50.46666666666667 0
1681403432176 48.32000000000001 0
1681403571030 45.89090909090909 0
1681403710199 43.85 0
1681403850558 41.69230769230769 0
1681403991125 40.41428571428571 0
1681404131647 38.279999999999994 0
1681404272397 36.975 0
1681404413212 35.89411764705882 0
1681404554078 35.74444444444444 0
1681404695020 34.33684210526316 0
1681404836855 33.21 0
