1683057524723 91.0 0
1683057645483 76.0 1
1683057771302 50.26666666666666 2
1683057909030 51.599999999999994 3
1683058047813 49.88 4
1683058186502 52.36666666666665 5
1683058325990 51.39999999999999 6
1683058465688 51.825 7
1683058606327 49.777777777777786 8
1683058747244 49.260000000000005 9
1683058889071 47.872727272727275 10
1683059030929 44.86666666666665 11
1683059173364 43.01538461538461 12
1683059316048 39.957142857142856 13
1683059459073 39.88 14
1683059602907 37.949999999999996 15
1683059746909 37.05882352941177 16
1683059891205 36.06666666666666 17
1683060035416 34.147368421052626 18
1683060180143 33.29 19
