1681573039115 82.6 0
1681573995174 59.199999999999996 0
1681574948413 54.0 0
1681575900941 63.4 0
1681576848181 60.199999999999996 0
1681577802641 54.2 0
1681578747141 47.8 0
1681579690719 45.6 0
1681580632489 43.2 0
1681581571117 45.6 0
1681582506916 40.400000000000006 0
1681583440453 36.199999999999996 0
1681584372605 36.4 0
1681585305371 35.4 0
1681586233470 32.4 0
1681587157384 32.2 0
1681588075092 28.599999999999998 0
1681588991643 33.800000000000004 0
1681589908945 29.799999999999997 0
1681590235319 29.799999999999997 0
