1681573039096 82.6 0
1681573995156 71.7 0
1681574948394 66.26666666666667 0
1681575900922 66.2 0
1681576848162 68.11999999999999 0
1681577802622 61.66666666666666 0
1681578747122 58.88571428571428 0
1681579690700 57.975 0
1681580632469 55.08888888888889 0
1681581571097 54.78000000000001 0
1681582506897 54.90909090909091 0
1681583440433 51.699999999999996 0
1681584372586 52.800000000000004 0
1681585305352 51.24285714285714 0
1681586233450 48.25333333333334 0
1681587157365 48.7875 0
1681588075073 46.35294117647059 0
1681588991624 46.64444444444444 0
1681589908925 45.61052631578947 0
1681590235300 44.41000000000001 0
