1681573039108 82.6 0
1681573995167 87.1 0
1681574948405 89.2 0
1681575900934 89.05 0
1681576848174 90.56000000000002 0
1681577802634 89.96666666666665 0
1681578747134 89.57142857142856 0
1681579690712 90.4 0
1681580632481 89.64444444444445 0
1681581571108 90.34 0
1681582506908 91.12727272727271 0
1681583440445 91.13333333333334 0
1681584372597 91.15384615384616 0
1681585305363 90.64285714285715 0
1681586233461 90.70666666666666 0
1681587157376 90.47500000000001 0
1681588075084 91.02352941176471 0
1681588991636 90.6 0
1681589908937 90.65263157894738 0
1681590235311 90.98 0
