1680356200364 85.0 0
1680356482043 82.4 0
1680356765718 82.99999999999999 0
1680357050909 83.6 0
1680357336422 84.96 0
1680357608525 85.73333333333333 0
1680357878153 85.11428571428573 0
1680358148343 85.42500000000001 0
1680358420009 84.86666666666667 0
1680358691232 84.18 0
1680358964113 84.0909090909091 0
1680359236084 84.05 0
1680359505946 84.04615384615384 0
1680359779227 82.84285714285714 0
1680360054613 82.49333333333333 0
1680360329352 81.1 0
1680360605123 81.47058823529412 0
1680360876475 80.82222222222224 0
1680361148259 80.88421052631578 0
1680361421907 80.97999999999999 0
