1682653538115 85.39999999999999 0
1682653782517 65.5 0
1682654027590 48.666666666666664 0
1682654273646 45.8 0
1682654520053 43.48 0
1682654766333 37.56666666666666 0
1682655013770 37.714285714285715 0
1682655262192 30.75 0
1682655510758 31.466666666666665 0
1682655760074 29.740000000000002 0
1682656009896 28.890909090909087 0
1682656260993 29.2 0
1682656512132 28.707692307692312 0
1682656764458 26.014285714285712 0
1682657016715 28.12 0
1682657270011 24.625 0
1682657524246 25.823529411764707 0
1682657779193 28.28888888888889 0
1682658034492 26.568421052631578 0
1682658290261 27.23 0
