1682653538101 85.39999999999999 0
1682653782504 44.6 0
1682654027577 28.13333333333333 0
1682654273632 22.95 0
1682654520040 17.84 0
1682654766320 14.266666666666666 0
1682655013756 13.285714285714286 0
1682655262178 11.375 0
1682655510744 9.88888888888889 0
1682655760059 9.260000000000002 0
1682656009883 7.6909090909090905 0
1682656260981 7.366666666666667 0
1682656512119 6.615384615384615 0
1682656764443 6.371428571428572 0
1682657016700 6.333333333333333 0
1682657269999 5.3374999999999995 0
1682657524232 5.141176470588236 0
1682657779180 5.211111111111111 0
1682658034478 4.673684210526316 0
1682658290247 4.57 0
