1682802861516 93.2 0
1682803661069 93.60000000000001 1
1682804484559 94.19999999999999 2
1682805306743 94.19999999999999 3
1682806163355 95.39999999999999 4
1682807046781 94.39999999999999 5
1682807904512 94.39999999999999 6
1682808708995 94.0 7
1682809506815 94.6 8
1682810303293 94.0 9
1682811096306 94.0 10
1682811884277 94.6 11
1682812670214 95.19999999999999 12
1682813450775 94.8 13
1682814229726 93.60000000000001 14
1682815006977 94.0 15
1682815795594 93.60000000000001 16
1682816073280 94.0 17
