1682801185694 91.2 0
1682802046035 80.69999999999999 1
1682802861464 78.66666666666667 2
1682803661007 74.75 3
1682804484494 73.8 4
1682805306670 71.10000000000001 5
1682806163272 66.31428571428572 6
1682807046687 63.25 7
1682807904417 61.3111111111111 8
1682808708889 59.92 9
1682809506702 59.83636363636364 10
1682810303171 57.449999999999996 11
1682811096170 56.78461538461538 12
1682811884147 56.02857142857143 13
1682812670069 56.146666666666654 14
1682813450623 55.25 15
1682814229553 54.44705882352941 16
1682815006787 53.26666666666667 17
1682815795394 53.06315789473685 18
1682816073066 52.160000000000004 19
