1682801185711 91.2 0
1682802046052 95.19999999999999 1
1682802861481 94.39999999999999 2
1682803661024 93.65 3
1682804484511 92.91999999999999 4
1682805306687 91.63333333333333 5
1682806163289 92.97142857142856 6
1682807046694 92.275 7
1682807904434 91.46666666666665 8
1682808708907 91.66 9
1682809506720 91.45454545454545 10
1682810303189 91.86666666666666 11
1682811096188 92.49230769230768 12
1682811884154 92.65714285714287 13
1682812670077 92.82666666666665 14
1682813450630 92.825 15
1682814229571 92.97647058823529 16
1682815006806 92.57777777777777 17
1682815795404 92.72631578947369 18
1682816073076 92.61 19
