1679450113742 79.2 0
1679451255325 18.0 0
1679452396448 14.6 0
1679453537763 11.200000000000001 0
1679454679025 5.6000000000000005 0
1679455820473 5.0 0
1679456960922 5.6000000000000005 0
1679458103038 3.5999999999999996 0
1679459245368 2.4 0
1679460389176 2.8000000000000003 0
1679461531077 2.8000000000000003 0
1679462680972 2.0 0
1679463849712 0.8 0
1679465018191 1.7999999999999998 0
1679466206261 2.1999999999999997 0
1679467469512 1.7999999999999998 0
1679468698338 2.1999999999999997 0
1679469870868 2.0 0
