1679447833710 77.8 0
1679448973635 60.300000000000004 0
1679450113726 46.20000000000001 0
1679451255297 34.75 0
1679452396419 28.119999999999997 0
1679453537734 27.066666666666663 0
1679454678995 23.08571428571429 0
1679455820443 20.625 0
1679456960891 18.466666666666665 0
1679458103006 14.8 0
1679459245336 13.181818181818182 0
1679460389144 12.766666666666666 0
1679461531043 11.169230769230769 0
1679462680936 10.228571428571428 0
1679463849678 8.879999999999999 0
1679465018157 9.3125 0
1679466206236 8.270588235294118 0
1679467469475 7.5 0
1679468698299 7.105263157894737 0
1679469870830 6.45 0
