1679447833725 77.8 0
1679448973639 78.0 0
1679450113730 73.86666666666666 0
1679451255313 72.15 0
1679452396435 68.2 0
1679453537750 68.53333333333335 0
1679454679012 66.0 0
1679455820460 66.10000000000001 0
1679456960908 65.22222222222223 0
1679458103014 64.0 0
1679459245353 63.07272727272727 0
1679460389161 60.900000000000006 0
1679461531060 61.123076923076916 0
1679462680954 58.24285714285715 0
1679463849695 57.98666666666667 0
1679465018173 58.9625 0
1679466206243 57.129411764705885 0
1679467469493 56.36666666666667 0
1679468698317 56.04210526315791 0
1679469870847 55.15 0
