1708612676942 77.60000000000001 0
1708612969728 31.2 1
1708613264310 25.8 2
1708613561497 12.0 3
1708613858629 12.6 4
1708614157431 14.000000000000002 5
1708614456742 14.000000000000002 6
1708614756634 10.8 7
1708615058333 8.799999999999999 8
1708615359893 12.8 9
1708615662641 11.799999999999999 10
1708615966061 9.6 11
1708616270195 11.0 12
1708616574819 6.2 13
1708616879183 9.0 14
1708617184751 15.4 15
1708617491217 12.2 16
1708617798314 11.600000000000001 17
1708618106103 7.6 18
1708618414054 14.399999999999999 19
