1708612676932 77.60000000000001 0
1708612969713 55.300000000000004 1
1708613264289 50.666666666666664 2
1708613561468 33.5 3
1708613858597 34.28 4
1708614157392 32.766666666666666 5
1708614456698 27.685714285714287 6
1708614756583 28.375 7
1708615058271 22.0 8
1708615359824 21.8 9
1708615662564 23.89090909090909 10
1708615965975 18.850000000000005 11
1708616270100 21.184615384615388 12
1708616574718 22.5 13
1708616879072 22.92 14
1708617184622 18.65 15
1708617491086 20.02352941176471 16
1708617798167 17.622222222222224 17
1708618105943 16.63157894736842 18
1708618413883 18.65 19
