1708687188186 78.4 0
1708688151387 71.30000000000001 1
1708689113396 59.46666666666667 2
1708690075199 51.15 3
1708691037531 48.720000000000006 4
1708691999647 41.36666666666667 5
1708692962025 37.08571428571428 6
1708693925116 33.5 7
1708694888758 32.22222222222222 8
1708695853198 30.160000000000004 9
1708696818589 28.418181818181814 10
1708697783897 26.400000000000002 11
1708698749399 24.384615384615383 12
1708699710670 23.071428571428573 13
1708700670608 21.400000000000002 14
1708701635733 21.1125 15
1708702602024 21.164705882352937 16
1708703569973 19.555555555555557 17
1708704551992 16.989473684210527 18
1708705543548 12.99 19
