1679422895575 64.2 0
1679423494927 71.6 0
1679424098541 72.39999999999999 0
1679424704138 72.39999999999999 0
1679425308753 70.39999999999999 0
1679425913021 71.0 0
1679426516921 67.80000000000001 0
1679427121470 65.8 0
1679427711581 65.60000000000001 0
1679428302322 66.8 0
1679428929816 65.8 0
1679429568205 64.60000000000001 0
1679430209123 61.199999999999996 0
1679430852608 58.4 0
1679431494222 58.599999999999994 0
1679432140267 57.4 0
1679432781110 55.400000000000006 0
1679433422283 53.800000000000004 0
1679434068220 52.0 0
1679434716268 54.0 0
