1679422895567 64.2 0
1679423494915 77.69999999999999 0
1679424098524 77.06666666666666 0
1679424704115 76.29999999999998 0
1679425308726 74.76 0
1679425912989 75.56666666666666 0
1679426516884 75.02857142857142 0
1679427121428 75.57499999999999 0
1679427711531 74.82222222222224 0
1679428302267 74.88 0
1679428929752 72.70909090909092 0
1679429568131 72.21666666666665 0
1679430209036 71.76923076923077 0
1679430852521 70.5 0
1679431494127 70.25333333333333 0
1679432140165 69.5625 0
1679432780987 67.39999999999999 0
1679433422157 67.06666666666666 0
1679434068085 65.65263157894738 0
1679434716122 65.53999999999999 0
