1679422895551 64.2 0
1679423494911 53.3 0
1679424098508 54.333333333333336 0
1679424704099 50.1 0
1679425308721 47.000000000000014 0
1679425912972 44.4 0
1679426516867 42.857142857142854 0
1679427121411 41.825 0
1679427711514 40.0 0
1679428302250 38.62 0
1679428929735 36.2 0
1679429568114 33.550000000000004 0
1679430209019 31.092307692307696 0
1679430852504 28.74285714285714 0
1679431494110 27.813333333333333 0
1679432140147 26.6375 0
1679432780969 24.85882352941176 0
1679433422140 24.04444444444444 0
1679434068067 22.42105263157895 0
1679434716115 21.94 0
