1682733874030 79.2 0
1682734118739 40.6 0
1682734363880 36.8 0
1682734610123 39.6 0
1682734857538 28.000000000000004 0
1682735105512 26.6 0
1682735353135 22.0 0
1682735602102 27.800000000000004 0
1682735851620 19.6 0
1682736101274 13.8 0
1682736352051 16.6 0
1682736602366 20.599999999999998 0
1682736854847 9.6 0
1682737107472 12.8 0
1682737360751 23.400000000000002 0
1682737614581 13.200000000000001 0
1682737869541 23.599999999999998 0
1682738124979 20.4 0
1682738380995 10.2 0
1682738640441 18.6 0
