1682733873998 79.2 0
1682734118700 44.0 0
1682734363831 30.066666666666666 0
1682734610066 23.1 0
1682734857472 17.64 0
1682735105436 14.833333333333334 0
1682735353050 12.62857142857143 0
1682735602005 11.15 0
1682735851514 9.8 0
1682736101158 8.72 0
1682736351923 8.272727272727273 0
1682736602227 7.849999999999999 0
1682736854696 7.384615384615385 0
1682737107311 6.742857142857142 0
1682737360576 6.346666666666666 0
1682737614393 5.7 0
1682737869340 5.411764705882353 0
1682738124764 4.177777777777778 0
1682738380766 4.926315789473684 0
1682738640199 4.66 0
