1682733874012 79.2 0
1682734118713 64.3 0
1682734363845 61.666666666666664 0
1682734610079 61.95 0
1682734857486 53.92 0
1682735105449 52.03333333333333 0
1682735353062 41.542857142857144 0
1682735602018 44.725 0
1682735851527 40.4 0
1682736101172 38.839999999999996 0
1682736351937 38.96363636363637 0
1682736602242 35.96666666666666 0
1682736854710 31.646153846153844 0
1682737107324 36.41428571428572 0
1682737360589 35.57333333333333 0
1682737614407 32.625 0
1682737869354 34.035294117647055 0
1682738124777 30.76666666666667 0
1682738380779 33.55789473684211 0
1682738640213 30.53000000000001 0
