1681840969123 85.0 0
1681842097233 86.6 0
1681843092961 89.86666666666667 0
1681844088972 90.00000000000001 0
1681845082278 89.4 0
1681846073056 89.23333333333333 0
1681847064712 89.88571428571429 0
1681848051543 89.97500000000001 0
1681849039110 89.0 0
1681850030859 87.88000000000001 0
1681851027234 87.99999999999999 0
1681852013102 88.16666666666667 0
1681852983741 88.70769230769231 0
1681853937610 89.15714285714286 0
1681854886860 89.83999999999999 0
1681855835188 89.6125 0
1681856871643 90.34117647058825 0
1681857876325 89.34444444444446 0
1681858819275 89.7157894736842 0
1681859156731 89.84 0
