1690067876439 91.0 0
1690068165717 90.9 1
1690068455462 91.33333333333333 2
1690068744832 89.05 3
1690069034604 87.04 4
1690069325815 83.93333333333332 5
1690069616748 84.91428571428571 6
1690069908957 82.225 7
1690070201811 81.28888888888889 8
1690070494657 81.11999999999998 9
1690070793786 81.03636363636363 10
1690071088515 79.95000000000002 11
1690071389261 81.1076923076923 12
1690071684804 80.38571428571426 13
1690071981534 80.37333333333332 14
1690072278672 80.92500000000001 15
1690072575345 80.88235294117646 16
1690072873506 79.13333333333334 17
1690073171540 80.28421052631579 18
1690073471355 80.28 19
