1690067876425 91.0 0
1690068165703 75.9 1
1690068455448 67.8 2
1690068744818 56.8 3
1690069034589 51.36 4
1690069325802 43.800000000000004 5
1690069616730 35.17142857142857 6
1690069908943 31.2 7
1690070201796 28.88888888888889 8
1690070494642 28.060000000000002 9
1690070793771 27.654545454545453 10
1690071088501 24.78333333333333 11
1690071389247 23.599999999999998 12
1690071684789 23.842857142857145 13
1690071981520 22.09333333333333 14
1690072278657 21.4875 15
1690072575330 20.58823529411765 16
1690072873491 19.666666666666668 17
1690073171526 18.42105263157895 18
1690073471340 18.770000000000003 19
