1708851285593 83.8 0
1708853045786 75.8 1
1708854870902 75.93333333333334 2
1708856700771 76.65 3
1708858531379 78.64000000000001 4
1708860390280 75.73333333333333 5
1708862221805 73.88571428571429 6
1708864054419 72.85 7
1708865883668 70.97777777777777 8
1708867714842 70.52000000000001 9
1708869549281 69.92727272727274 10
1708871382225 69.58333333333334 11
1708873215666 67.58461538461538 12
1708875054710 66.71428571428571 13
1708876894285 66.02666666666667 14
1708878734200 65.475 15
1708880577950 64.98823529411764 16
1708882421374 63.25555555555556 17
1708884262110 62.6 18
1708886103983 63.029999999999994 19
