1708851285580 83.8 0
1708853045774 43.099999999999994 1
1708854870889 41.06666666666666 2
1708856700758 44.849999999999994 3
1708858531365 47.84 4
1708860390266 45.86666666666667 5
1708862221790 41.371428571428574 6
1708864054404 39.275 7
1708865883653 37.15555555555555 8
1708867714827 34.86 9
1708869549265 32.38181818181818 10
1708871382209 30.733333333333338 11
1708873215650 28.907692307692308 12
1708875054694 27.214285714285715 13
1708876894268 26.119999999999997 14
1708878734183 23.9625 15
1708880577933 22.56470588235294 16
1708882421356 21.34444444444444 17
1708884262092 20.589473684210525 18
1708886103965 19.599999999999998 19
