1681398437163 88.6 0
1681398583431 84.8 0
1681398727940 87.0 0
1681398869052 84.6 0
1681399010300 84.39999999999999 0
1681399150906 82.39999999999999 0
1681399291086 84.39999999999999 0
1681399431249 82.19999999999999 0
1681399572987 81.39999999999999 0
1681399714068 79.80000000000001 0
1681399852970 79.4 0
1681399994434 78.8 0
1681400136352 77.60000000000001 0
1681400277868 76.4 0
1681400421819 77.60000000000001 0
1681400562913 76.4 0
1681400704412 76.8 0
1681400850003 74.0 0
1681400993706 75.4 0
