1681398305842 87.2 0
1681398437145 86.3 0
1681398583408 85.40000000000002 0
1681398727913 84.8 0
1681398869018 84.96 0
1681399010262 84.56666666666666 0
1681399150862 84.51428571428572 0
1681399291035 85.5 0
1681399431183 84.28888888888888 0
1681399572920 83.9 0
1681399713995 83.65454545454547 0
1681399852892 83.73333333333332 0
1681399994347 82.86153846153846 0
1681400136253 82.77142857142857 0
1681400277765 81.46666666666667 0
1681400421707 81.35 0
1681400562792 81.72941176470589 0
1681400704275 81.36666666666666 0
1681400849858 81.11578947368422 0
1681400993547 82.11 0
