1681398305825 87.2 0
1681398437129 71.0 0
1681398583403 67.06666666666666 0
1681398727896 64.75 0
1681398869001 62.08 0
1681399010245 58.20000000000001 0
1681399150846 55.65714285714285 0
1681399291018 52.525 0
1681399431165 49.44444444444444 0
1681399572903 46.120000000000005 0
1681399713989 44.527272727272724 0
1681399852886 42.21666666666666 0
1681399994330 39.66153846153846 0
1681400136247 39.05714285714286 0
1681400277748 36.373333333333335 0
1681400421690 35.6125 0
1681400562774 34.294117647058826 0
1681400704258 34.02222222222222 0
1681400849841 31.599999999999998 0
1681400993530 31.360000000000003 0
