1708560096348 83.39999999999999 0
1708561675302 86.0 1
1708563285608 80.60000000000001 2
1708564933453 77.60000000000001 3
1708566558072 77.60000000000001 4
1708568206411 73.8 5
1708569850497 73.0 6
1708571474843 71.0 7
1708573131990 71.2 8
1708574806284 68.60000000000001 9
1708576382359 71.6 10
1708578063435 71.39999999999999 11
1708579750287 67.0 12
1708581386252 67.2 13
1708583094325 65.0 14
1708584760190 66.4 15
1708586466117 64.4 16
1708588154968 63.4 17
1708589856803 66.60000000000001 18
1708591595445 65.4 19
