1708560096342 83.39999999999999 0
1708561675291 85.39999999999999 1
1708563285593 74.8 2
1708564933433 65.2 3
1708566558048 58.8 4
1708568206376 54.800000000000004 5
1708569850463 49.4 6
1708571474803 45.6 7
1708573131943 41.8 8
1708574806232 35.199999999999996 9
1708576382300 31.8 10
1708578063370 28.799999999999997 11
1708579750206 26.8 12
1708581386172 25.8 13
1708583094217 23.0 14
1708584760091 18.8 15
1708586466008 18.8 16
1708588154851 20.4 17
1708589856674 20.599999999999998 18
1708591595305 17.4 19
