1708560096324 83.39999999999999 0
1708561675273 53.5 1
1708563285575 49.666666666666664 2
1708564933415 45.55 3
1708566558030 42.239999999999995 4
1708568206356 39.13333333333333 5
1708569850444 38.11428571428571 6
1708571474785 36.375 7
1708573131925 34.84444444444445 8
1708574806212 33.16 9
1708576382281 31.345454545454547 10
1708578063354 28.96666666666667 11
1708579750188 27.16923076923077 12
1708581386152 25.728571428571424 13
1708583094199 24.200000000000003 14
1708584760072 23.575000000000003 15
1708586465991 22.51764705882353 16
1708588154831 21.866666666666667 17
1708589856656 21.431578947368422 18
1708591595285 19.950000000000003 19
