1708560096335 83.39999999999999 0
1708561675284 83.69999999999999 1
1708563285586 77.86666666666666 2
1708564933426 77.95 3
1708566558040 77.24000000000001 4
1708568206367 75.16666666666667 5
1708569850456 75.57142857142857 6
1708571474796 73.575 7
1708573131936 73.37777777777778 8
1708574806224 72.9 9
1708576382292 72.54545454545456 10
1708578063364 72.3 11
1708579750199 69.58461538461539 12
1708581386164 69.9 13
1708583094210 69.92000000000002 14
1708584760083 70.1375 15
1708586466001 69.45882352941176 16
1708588154843 70.07777777777778 17
1708589856667 69.88421052631578 18
1708591595296 68.34 19
