1681596036954 86.6 0
1681596175084 77.0 0
1681596315270 68.2 0
1681596455754 59.9 0
1681596596767 59.32000000000001 0
1681596738030 57.666666666666664 0
1681596879086 55.285714285714285 0
1681597025815 52.05 0
1681597178252 51.333333333333336 0
1681597332309 47.839999999999996 0
1681597486200 45.909090909090914 0
1681597642082 44.883333333333326 0
1681597797643 42.723076923076924 0
1681597954181 41.81428571428571 0
1681598110742 39.06666666666667 0
1681598266969 38.375 0
1681598424942 37.23529411764705 0
1681598582396 37.08888888888888 0
1681598742270 35.78947368421052 0
1681598900682 34.41 0
