1681596036970 86.6 0
1681596175100 85.3 0
1681596315287 85.93333333333332 0
1681596455771 84.65 0
1681596596784 85.6 0
1681596738046 84.76666666666667 0
1681596879103 84.39999999999999 0
1681597025820 85.42499999999998 0
1681597178269 84.19999999999999 0
1681597332327 84.26000000000002 0
1681597486217 84.4909090909091 0
1681597642100 84.51666666666667 0
1681597797660 84.38461538461539 0
1681597954187 83.37142857142858 0
1681598110759 83.10666666666667 0
1681598266976 83.10000000000001 0
1681598424960 83.41176470588235 0
1681598582413 83.19999999999999 0
1681598742277 83.38947368421053 0
1681598900700 83.47999999999999 0
