1682919350357 1.7999999999999998 0
1682919493995 53.6 1
1682919637794 78.2 2
1682919781893 81.6 3
1682919925947 79.4 4
1682920070503 78.60000000000001 5
1682920215634 72.8 6
1682920360518 70.39999999999999 7
1682920507410 68.8 8
1682920654300 63.2 9
1682920801053 60.199999999999996 10
1682920949689 59.199999999999996 11
1682921097916 58.8 12
1682921247039 56.599999999999994 13
1682921396658 56.599999999999994 14
1682921546263 52.800000000000004 15
1682921695899 51.800000000000004 16
1682921846286 49.2 17
1682921997891 45.2 18
