1682919219403 85.2 0
1682919350346 84.8 1
1682919493984 85.2 2
1682919637776 88.5 3
1682919781881 89.0 4
1682919925935 89.60000000000001 5
1682920070491 89.65714285714286 6
1682920215622 89.25 7
1682920360505 88.4888888888889 8
1682920507397 88.14 9
1682920654287 87.89090909090909 10
1682920801039 88.98333333333333 11
1682920949676 89.16923076923078 12
1682921097901 89.3 13
1682921247025 89.29333333333334 14
1682921396643 89.175 15
1682921546248 89.50588235294117 16
1682921695883 88.64444444444445 17
1682921846271 88.2 18
1682921997875 88.05 19
