1708862282911 14.799999999999999 0
1708863764790 79.0 1
1708865245812 66.60000000000001 2
1708866726590 72.39999999999999 3
1708868202128 68.2 4
1708869690840 68.60000000000001 5
1708871167099 68.60000000000001 6
1708872639011 69.6 7
1708874116280 60.4 8
1708875588817 62.4 9
1708877061252 58.199999999999996 10
1708878536766 62.4 11
1708880016091 60.199999999999996 12
1708881496755 54.6 13
1708882974980 54.0 14
1708884455090 53.800000000000004 15
1708885938150 54.0 16
1708887415690 54.2 17
1708888903998 52.0 18
