1708860805065 67.60000000000001 0
1708862282895 32.800000000000004 1
1708863764775 70.6 2
1708865245798 51.6 3
1708866726575 60.0 4
1708868202112 55.2 5
1708869690825 57.8 6
1708871167084 54.400000000000006 7
1708872638995 53.6 8
1708874116265 51.800000000000004 9
1708875588801 51.4 10
1708877061235 48.4 11
1708878536749 48.6 12
1708880016074 45.2 13
1708881496736 50.0 14
1708882974961 42.199999999999996 15
1708884455072 43.0 16
1708885938132 39.6 17
1708887415672 44.6 18
1708888903980 40.400000000000006 19
