1708860805018 67.60000000000001 0
1708862282832 8.2 1
1708863764700 58.93333333333333 2
1708865245708 25.049999999999997 3
1708866726468 45.32000000000001 4
1708868201988 40.0 5
1708869690687 36.2 6
1708871166924 33.725 7
1708872638825 32.044444444444444 8
1708874116072 26.040000000000003 9
1708875588592 23.418181818181814 10
1708877061008 21.599999999999998 11
1708878536494 23.076923076923077 12
1708880015800 20.814285714285717 13
1708881496443 20.639999999999997 14
1708882974629 15.4625 15
1708884454738 16.552941176470586 16
1708885937776 15.41111111111111 17
1708887415278 16.010526315789473 18
1708888903566 13.240000000000004 19
