1708860805034 67.60000000000001 0
1708862282848 23.8 1
1708863764715 76.66666666666667 2
1708865245724 54.35 3
1708866726484 71.28 4
1708868202004 67.03333333333335 5
1708869690703 66.42857142857143 6
1708871166940 65.89999999999999 7
1708872638841 64.48888888888888 8
1708874116088 60.56 9
1708875588609 59.50909090909091 10
1708877061025 56.48333333333333 11
1708878536511 59.87692307692308 12
1708880015818 59.057142857142864 13
1708881496461 56.89333333333334 14
1708882974647 53.4375 15
1708884454757 55.55294117647059 16
1708885937794 53.44444444444445 17
1708887415299 53.89473684210526 18
1708888903585 52.44000000000001 19
