1682718867555 87.0 0
1682719111872 67.2 0
1682719357283 64.60000000000001 0
1682719602767 59.75000000000001 0
1682719849268 59.239999999999995 0
1682720095923 45.833333333333336 0
1682720343942 49.2 0
1682720592270 45.5 0
1682720841738 38.800000000000004 0
1682721091470 44.82000000000001 0
1682721341982 37.945454545454545 0
1682721592553 37.699999999999996 0
1682721844179 38.707692307692305 0
1682722096503 38.98571428571428 0
1682722349739 37.38666666666667 0
1682722603970 34.325 0
1682722858609 31.400000000000006 0
1682723113558 32.4 0
1682723369251 34.2 0
1682723624922 32.83 0
