1682718867542 87.0 0
1682719111859 42.1 0
1682719357270 30.666666666666668 0
1682719602753 22.1 0
1682719849254 18.04 0
1682720095910 15.733333333333333 0
1682720343928 13.257142857142858 0
1682720592256 11.075 0
1682720841724 10.222222222222221 0
1682721091456 9.260000000000002 0
1682721341968 7.090909090909091 0
1682721592540 7.3 0
1682721844164 6.7846153846153845 0
1682722096490 6.8428571428571425 0
1682722349726 5.973333333333334 0
1682722603957 5.45 0
1682722858596 4.870588235294117 0
1682723113545 5.211111111111111 0
1682723369238 4.5473684210526315 0
1682723624907 4.67 0
