1681435029545 83.8 0
1681435191536 69.19999999999999 0
1681435371360 52.6 0
1681435549982 55.00000000000001 0
1681435730544 57.4 0
1681435911238 51.800000000000004 0
1681436092539 55.60000000000001 0
1681436274480 53.400000000000006 0
1681436455647 57.199999999999996 0
1681436637072 53.2 0
1681436817578 52.400000000000006 0
1681437000479 60.8 0
1681437182787 60.6 0
1681437367660 56.2 0
1681437553358 57.8 0
1681437738252 55.400000000000006 0
1681437922977 58.4 0
1681438108446 58.199999999999996 0
1681438294112 60.8 0
1681438480769 57.4 0
