1681435029537 83.8 0
1681435191523 74.6 0
1681435371342 67.93333333333334 0
1681435549959 70.5 0
1681435730515 72.47999999999999 0
1681435911204 72.36666666666666 0
1681436092497 73.39999999999999 0
1681436274434 73.875 0
1681436455594 75.17777777777778 0
1681436637013 75.30000000000001 0
1681436817510 73.92727272727274 0
1681437000402 76.55 0
1681437182704 75.87692307692306 0
1681437367567 76.25714285714287 0
1681437553259 77.21333333333334 0
1681437738140 75.625 0
1681437922859 76.6705882352941 0
1681438108310 75.78888888888888 0
1681438293966 77.18947368421054 0
1681438480618 77.30000000000001 0
