1681435029532 83.8 0
1681435191506 35.599999999999994 0
1681435371325 30.86666666666667 0
1681435549943 31.45 0
1681435730499 29.68 0
1681435911187 26.599999999999998 0
1681436092480 27.457142857142856 0
1681436274417 24.025000000000002 0
1681436455577 23.68888888888889 0
1681436636996 23.900000000000002 0
1681436817493 23.09090909090909 0
1681437000385 24.399999999999995 0
1681437182687 21.707692307692305 0
1681437367549 21.928571428571423 0
1681437553241 22.333333333333332 0
1681437738133 21.749999999999996 0
1681437922841 21.341176470588238 0
1681438108292 20.93333333333333 0
1681438293947 21.35789473684211 0
1681438480611 20.709999999999997 0
