1682786474391 85.2 0
1682787277627 85.39999999999999 1
1682788079026 79.80000000000001 2
1682788878045 79.0 3
1682789677657 75.2 4
1682790476023 74.8 5
1682791272240 73.2 6
1682792062791 70.6 7
1682792848365 66.60000000000001 8
1682793630985 67.2 9
1682794411022 64.8 10
1682795187950 64.8 11
1682795961220 64.60000000000001 12
1682796730783 58.4 13
1682797497660 58.199999999999996 14
1682798259740 57.4 15
1682799021002 54.400000000000006 16
1682799776721 53.2 17
1682800527072 49.2 18
1682800796766 48.4 19
