1682787277644 90.2 0
1682788079049 93.4 1
1682788878077 93.60000000000001 2
1682789677692 94.0 3
1682790476066 92.60000000000001 4
1682791272290 93.2 5
1682792062847 94.19999999999999 6
1682792848432 94.39999999999999 7
1682793631061 94.19999999999999 8
1682794411106 94.39999999999999 9
1682795188040 95.0 10
1682795961326 93.8 11
1682796730897 94.0 12
1682797497782 94.19999999999999 13
1682798259873 93.60000000000001 14
1682799021146 93.2 15
1682799776879 93.2 16
1682800527234 93.0 17
1682800796948 92.80000000000001 18
