1682786474385 85.2 0
1682787277621 89.5 1
1682788079020 90.39999999999999 2
1682788878039 89.7 3
1682789677651 90.4 4
1682790476017 91.0 5
1682791272234 91.82857142857142 6
1682792062784 92.44999999999999 7
1682792848358 92.64444444444445 8
1682793630978 93.03999999999999 9
1682794411015 93.07272727272726 10
1682795187943 92.83333333333333 11
1682795961208 92.4769230769231 12
1682796730776 92.68571428571428 13
1682797497652 92.11999999999999 14
1682798259732 92.2625 15
1682799020994 91.63529411764705 16
1682799776712 91.84444444444443 17
1682800527063 91.93684210526315 18
1682800796757 92.02 19
