1682786474368 85.2 0
1682787277603 76.19999999999999 1
1682788079003 72.13333333333333 2
1682788878022 68.8 3
1682789677633 70.56 4
1682790476000 70.13333333333334 5
1682791272217 66.62857142857143 6
1682792062767 64.55 7
1682792848340 64.91111111111111 8
1682793630960 63.279999999999994 9
1682794411008 61.872727272727275 10
1682795187936 60.93333333333334 11
1682795961187 60.44615384615385 12
1682796730758 60.41428571428571 13
1682797497635 58.06666666666668 14
1682798259714 58.337500000000006 15
1682799020975 56.88235294117647 16
1682799776694 55.84444444444445 17
1682800527045 54.10526315789474 18
1682800796748 53.4 19
