1681888653275 0.2 0
1681888840076 46.6 0
1681889027284 67.60000000000001 0
1681889216313 69.39999999999999 0
1681889406528 55.60000000000001 0
1681889597600 53.400000000000006 0
1681889789832 46.400000000000006 0
1681889981500 41.4 0
1681890174929 36.0 0
1681890366720 35.4 0
1681890560414 32.6 0
1681890755711 32.4 0
1681890952357 30.8 0
1681891149032 27.400000000000002 0
1681891346056 26.400000000000002 0
1681891545007 22.8 0
1681891744107 23.200000000000003 0
1681891944868 21.2 0
1681892145008 21.0 0
