1681888481881 80.0 0
1681888653262 82.5 0
1681888840063 83.33333333333333 0
1681889027274 83.85 0
1681889216300 85.52 0
1681889406515 85.06666666666668 0
1681889597587 86.02857142857142 0
1681889789819 85.65 0
1681889981487 85.44444444444444 0
1681890174916 84.98 0
1681890366706 85.16363636363637 0
1681890560401 84.66666666666666 0
1681890755697 84.44615384615385 0
1681890952344 83.89999999999999 0
1681891149020 83.90666666666667 0
1681891346043 83.1375 0
1681891544988 82.68235294117648 0
1681891744092 82.47777777777777 0
1681891944853 82.17894736842106 0
1681892144992 82.35000000000001 0
