1689855427272 23.400000000000002 0
1689855430605 24.700000000000003 1
1689855434550 23.066666666666666 2
1689855438912 22.65 3
1689855444040 21.96 4
1689855449808 21.633333333333336 5
1689855456179 21.400000000000002 6
1689855463065 21.225 7
1689855470613 21.08888888888889 8
1689855478864 20.98 9
1689855487674 20.89090909090909 10
1689855497433 21.733333333333334 11
1689855507546 21.6 12
1689855518503 21.485714285714288 13
1689855530063 21.386666666666667 14
1689855542494 21.35 15
1689855555430 21.27058823529412 16
1689855569051 21.244444444444447 17
1689855583745 21.189473684210526 18
1689858241130 94.11 19
