1708630181096 5.6000000000000005 0
1708630350365 5.6000000000000005 1
1708630517893 5.6000000000000005 2
1708630686315 5.6000000000000005 3
1708630855052 5.6000000000000005 4
1708631024496 5.6000000000000005 5
1708631194812 5.6000000000000005 6
1708631366477 5.6000000000000005 7
1708631538797 5.6000000000000005 8
1708631712178 5.6000000000000005 9
1708631886064 5.6000000000000005 10
1708632059465 5.6000000000000005 11
1708632234555 5.6000000000000005 12
1708632410086 5.6000000000000005 13
1708632585807 5.6000000000000005 14
1708632761577 5.6000000000000005 15
1708632938260 5.6000000000000005 16
1708633120377 5.6000000000000005 17
1708633313528 5.6000000000000005 18
1708633771026 28.799999999999997 19
