1708630181071 5.6000000000000005 0
1708630350329 7.800000000000001 1
1708630517845 8.733333333333334 2
1708630686253 9.200000000000001 3
1708630854976 9.360000000000001 4
1708631024403 9.433333333333335 5
1708631194705 9.485714285714286 6
1708631366360 9.55 7
1708631538665 9.777777777777779 8
1708631712030 9.8 9
1708631885902 9.963636363636363 10
1708632059268 10.033333333333333 11
1708632234347 9.984615384615383 12
1708632409871 9.971428571428572 13
1708632585572 9.893333333333334 14
1708632761322 9.9 15
1708632937980 9.988235294117647 16
1708633120076 9.988888888888889 17
1708633313206 10.031578947368422 18
1708633770684 23.94 19
