1681775873923 86.0 0
1681776199392 89.1 0
1681776525819 87.46666666666665 0
1681776853752 84.5 0
1681777182601 85.24 0
1681777512119 85.46666666666665 0
1681777842798 85.34285714285716 0
1681778173418 85.275 0
1681778504537 85.8 0
1681778833505 84.53999999999999 0
1681779147464 85.03636363636365 0
1681779462870 83.25 0
1681779779543 83.32307692307693 0
1681780097183 83.15714285714286 0
1681780414360 81.26666666666667 0
1681780731932 81.26249999999999 0
1681781051445 79.28235294117648 0
1681781370964 79.55555555555557 0
1681781691512 78.83157894736843 0
1681782013344 78.92000000000002 0
