1681775873913 86.0 0
1681776199381 80.0 0
1681776525807 69.26666666666667 0
1681776853740 61.8 0
1681777182590 61.84000000000001 0
1681777512108 56.56666666666667 0
1681777842787 54.228571428571435 0
1681778173407 50.55 0
1681778504526 50.46666666666667 0
1681778833492 45.339999999999996 0
1681779147453 45.36363636363637 0
1681779462859 43.20000000000001 0
1681779779531 40.44615384615385 0
1681780097171 41.32857142857142 0
1681780414337 39.040000000000006 0
1681780731922 38.724999999999994 0
1681781051432 32.847058823529416 0
1681781370950 33.8111111111111 0
1681781691500 33.36842105263158 0
1681782013332 27.95 0
