1689861698664 85.39999999999999 0
1689861838725 76.6 1
1689861980365 64.0 2
1689862122005 59.24999999999999 3
1689862265396 60.84000000000001 4
1689862408917 55.56666666666666 5
1689862551942 58.34285714285714 6
1689862695837 53.35 7
1689862840586 48.28888888888889 8
1689862985805 39.62 9
1689863130204 39.52727272727273 10
1689863275538 44.01666666666666 11
1689863421735 45.56923076923077 12
1689863569356 45.10000000000001 13
1689863715991 40.760000000000005 14
1689863864285 38.837500000000006 15
1689864017367 41.77647058823529 16
1689864173029 46.74444444444444 17
1689864322069 43.51578947368421 18
1689864470945 46.339999999999996 19
