1689861698655 85.39999999999999 0
1689861838712 45.9 1
1689861980354 30.266666666666666 2
1689862121992 23.799999999999997 3
1689862265381 17.92 4
1689862408907 14.799999999999999 5
1689862551928 13.657142857142857 6
1689862695824 11.799999999999999 7
1689862840571 10.4 8
1689862985795 9.360000000000001 9
1689863130191 7.909090909090909 10
1689863275525 7.183333333333334 11
1689863421722 7.0 12
1689863569341 6.585714285714286 13
1689863715980 6.413333333333333 14
1689863864271 5.775 15
1689864017353 5.517647058823529 16
1689864173017 5.322222222222222 17
1689864322057 4.821052631578948 18
1689864470933 4.7 19
