1682703774616 79.80000000000001 0
1682704019221 38.4 0
1682704264863 18.2 0
1682704510658 21.2 0
1682704756954 18.0 0
1682705004707 23.0 0
1682705253420 25.2 0
1682705502635 20.0 0
1682705752440 17.599999999999998 0
1682706002422 21.0 0
1682706253427 17.2 0
1682706505056 20.200000000000003 0
1682706756968 18.6 0
1682707009605 20.200000000000003 0
1682707263091 20.599999999999998 0
1682707517437 12.2 0
1682707771933 24.0 0
1682708027160 22.400000000000002 0
1682708283558 16.6 0
1682708540559 20.4 0
