1682703774585 79.80000000000001 0
1682704019181 42.699999999999996 0
1682704264815 26.46666666666667 0
1682704510601 22.85 0
1682704756888 16.0 0
1682705004632 13.200000000000001 0
1682705253336 9.228571428571428 0
1682705502540 5.025 0
1682705752336 7.955555555555555 0
1682706002305 7.1800000000000015 0
1682706253301 7.290909090909091 0
1682706504917 4.716666666666667 0
1682706756817 4.261538461538462 0
1682707009444 4.014285714285714 0
1682707262917 5.986666666666666 0
1682707517248 3.8625 0
1682707771733 3.988235294117647 0
1682708026945 2.8444444444444446 0
1682708283329 4.3578947368421055 0
1682708540318 4.26 0
