1682703774598 79.80000000000001 0
1682704019195 61.89999999999999 0
1682704264829 42.46666666666667 0
1682704510615 44.85 0
1682704756901 42.36 0
1682705004645 35.5 0
1682705253349 32.228571428571435 0
1682705502553 25.275 0
1682705752348 28.37777777777778 0
1682706002319 25.939999999999998 0
1682706253314 25.545454545454547 0
1682706504931 25.566666666666666 0
1682706756831 24.476923076923075 0
1682707009457 23.52857142857143 0
1682707262930 27.57333333333333 0
1682707517262 23.924999999999997 0
1682707771746 25.047058823529408 0
1682708026959 23.711111111111112 0
1682708283344 22.378947368421056 0
1682708540331 26.310000000000002 0
