1708645776519 6.6000000000000005 0
1708645939757 6.6000000000000005 1
1708646103767 6.6000000000000005 2
1708646268624 6.6000000000000005 3
1708646434249 6.6000000000000005 4
1708646601233 6.6000000000000005 5
1708646768976 6.6000000000000005 6
1708646936929 6.6000000000000005 7
1708647106087 6.6000000000000005 8
1708647276706 6.6000000000000005 9
1708647446854 6.6000000000000005 10
1708647625876 6.6000000000000005 11
1708647808653 6.6000000000000005 12
1708647986058 6.6000000000000005 13
1708648164138 6.6000000000000005 14
1708648345147 6.6000000000000005 15
1708648538403 6.6000000000000005 16
1708648728773 6.6000000000000005 17
1708649174431 19.2 18
