1708645612999 12.0 0
1708645776472 9.3 1
1708645939697 9.533333333333333 2
1708646103693 10.0 3
1708646268538 10.0 4
1708646434149 10.0 5
1708646601110 10.0 6
1708646768848 10.075 7
1708646936784 10.244444444444444 8
1708647105926 10.219999999999999 9
1708647276526 10.527272727272726 10
1708647446656 10.433333333333332 11
1708647625656 10.384615384615385 12
1708647808420 10.514285714285714 13
1708647985805 10.533333333333333 14
1708648163864 10.475000000000001 15
1708648344851 10.447058823529414 16
1708648538072 10.4 17
1708648728431 10.378947368421054 18
1708649174069 23.05 19
