1680192610616 37.6 0
1680192801853 59.199999999999996 0
1680192991369 58.199999999999996 0
1680193183094 60.199999999999996 0
1680193374377 61.8 0
1680193563717 60.8 0
1680193748635 59.599999999999994 0
1680193929347 58.599999999999994 0
1680194112202 57.599999999999994 0
1680194294032 57.199999999999996 0
1680194475910 53.800000000000004 0
1680194657485 53.800000000000004 0
1680194840775 53.0 0
1680195024861 52.800000000000004 0
1680195209425 54.800000000000004 0
1680195393930 52.800000000000004 0
1680195577205 54.2 0
1680195760583 53.0 0
1680195946542 47.599999999999994 0
