1680192418637 77.2 0
1680192610608 72.5 0
1680192801844 72.46666666666667 0
1680192991360 74.89999999999999 0
1680193183085 79.91999999999999 0
1680193374367 80.5 0
1680193563708 81.45714285714284 0
1680193748626 81.85 0
1680193929336 80.77777777777777 0
1680194112191 82.62 0
1680194294021 80.4909090909091 0
1680194475899 81.31666666666666 0
1680194657473 80.35384615384615 0
1680194840763 79.98571428571428 0
1680195024849 80.0 0
1680195209412 79.4 0
1680195393918 79.21176470588235 0
1680195577191 79.14444444444443 0
1680195760569 79.43157894736841 0
1680195946528 78.26 0
