1680192418620 77.2 0
1680192610592 48.7 0
1680192801827 48.800000000000004 0
1680192991355 49.349999999999994 0
1680193183068 45.239999999999995 0
1680193374349 41.13333333333333 0
1680193563691 36.800000000000004 0
1680193748609 37.3 0
1680193929331 36.62222222222223 0
1680194112185 36.08 0
1680194294016 33.89090909090908 0
1680194475882 35.13333333333333 0
1680194657456 32.61538461538461 0
1680194840746 33.628571428571426 0
1680195024842 32.88 0
1680195209395 31.7875 0
1680195393900 30.823529411764707 0
1680195577173 30.099999999999998 0
1680195760551 30.231578947368426 0
1680195946511 29.529999999999994 0
