1681836437801 80.60000000000001 0
1681836660202 76.4 0
1681836885985 72.8 0
1681837111570 72.39999999999999 0
1681837337962 71.2 0
1681837565023 72.8 0
1681837791744 69.19999999999999 0
1681838018607 73.8 0
1681838245919 70.0 0
1681838472682 68.2 0
1681838701354 69.19999999999999 0
1681838931890 69.19999999999999 0
1681839164738 71.0 0
1681839395815 69.8 0
1681839629881 65.4 0
1681839862987 68.4 0
1681840094225 67.2 0
1681840328117 68.0 0
1681840562523 66.60000000000001 0
1681840784979 65.60000000000001 0
