1681836437794 80.60000000000001 0
1681836660191 65.4 0
1681836885970 55.60000000000001 0
1681837111550 49.0 0
1681837337934 43.8 0
1681837564977 35.6 0
1681837791707 29.599999999999998 0
1681838018564 27.800000000000004 0
1681838245870 29.599999999999998 0
1681838472626 28.599999999999998 0
1681838701291 27.0 0
1681838931818 22.6 0
1681839164659 22.0 0
1681839395729 23.400000000000002 0
1681839629786 20.0 0
1681839862883 21.6 0
1681840094103 17.8 0
1681840327993 20.200000000000003 0
1681840562388 20.4 0
1681840784834 20.200000000000003 0
