1681836437770 80.60000000000001 0
1681836660172 73.0 0
1681836885950 67.46666666666668 0
1681837111532 62.699999999999996 0
1681837337913 58.52 0
1681837564948 54.900000000000006 0
1681837791688 53.114285714285714 0
1681838018545 49.675 0
1681838245851 47.75555555555555 0
1681838472607 45.36 0
1681838701272 42.96363636363636 0
1681838931791 42.71666666666667 0
1681839164640 41.30769230769231 0
1681839395709 41.65714285714285 0
1681839629770 40.346666666666664 0
1681839862863 38.3125 0
1681840094073 36.42352941176471 0
1681840327974 34.47777777777778 0
1681840562369 32.9578947368421 0
1681840784814 32.410000000000004 0
