1681836437783 80.60000000000001 0
1681836660184 85.5 0
1681836885962 85.13333333333334 0
1681837111543 84.8 0
1681837337925 86.08 0
1681837564967 85.93333333333334 0
1681837791700 84.91428571428573 0
1681838018556 86.15 0
1681838245862 86.17777777777779 0
1681838472619 84.92 0
1681838701283 84.56363636363636 0
1681838931807 84.88333333333333 0
1681839164651 84.4 0
1681839395721 84.38571428571429 0
1681839629780 84.13333333333331 0
1681839862875 83.7125 0
1681840094085 83.69411764705882 0
1681840327985 82.92222222222222 0
1681840562381 83.05263157894737 0
1681840784826 82.22 0
