1690049874741 78.2 0
1690050182977 45.800000000000004 1
1690050492416 30.4 2
1690050802164 21.2 3
1690051113909 16.6 4
1690051427236 16.6 5
1690051735067 14.399999999999999 6
1690052045483 14.799999999999999 7
1690052356186 11.799999999999999 8
1690052669917 10.8 9
1690052982437 12.4 10
1690053296822 9.0 11
1690053609731 8.0 12
1690053922767 7.3999999999999995 13
1690054218480 5.0 14
1690054514449 5.0 15
1690054809831 0.8 16
1690055106199 2.1999999999999997 17
1690055402177 1.4000000000000001 18
1690055699172 1.7999999999999998 19
