1690050492437 78.60000000000001 0
1690050802185 32.800000000000004 1
1690051113930 21.8 2
1690051427257 16.400000000000002 3
1690051735088 13.8 4
1690052045505 13.4 5
1690052356207 11.200000000000001 6
1690052669939 6.6000000000000005 7
1690052982459 4.3999999999999995 8
1690053296844 6.800000000000001 9
1690053609754 6.6000000000000005 10
1690053922790 6.0 11
1690054218503 3.8 12
1690054514472 3.0 13
1690054809854 1.7999999999999998 14
1690055106223 2.0 15
1690055402201 1.7999999999999998 16
1690055699197 1.6 17
