1690049874731 78.2 0
1690050182966 78.9 1
1690050492406 76.0 2
1690050802152 77.8 3
1690051113899 76.11999999999999 4
1690051427225 73.93333333333332 5
1690051735056 73.8 6
1690052045472 72.525 7
1690052356175 72.46666666666665 8
1690052669906 71.34 9
1690052982426 69.03636363636365 10
1690053296811 67.93333333333332 11
1690053609719 66.33846153846154 12
1690053922756 67.67142857142858 13
1690054218469 67.10666666666665 14
1690054514437 66.975 15
1690054809819 64.37647058823529 16
1690055106187 64.36666666666667 17
1690055402164 63.347368421052636 18
1690055699160 63.44 19
