1681503354576 82.6 0
1681504168169 79.80000000000001 0
1681504996883 83.2 0
1681505825570 81.0 0
1681506650652 82.0 0
1681507474740 78.60000000000001 0
1681508297336 80.80000000000001 0
1681509118269 82.19999999999999 0
1681509941042 80.0 0
1681510785784 84.39999999999999 0
1681511599222 80.80000000000001 0
1681512405936 83.2 0
1681513211060 80.4 0
1681514013052 79.80000000000001 0
1681514810083 80.80000000000001 0
1681515605732 78.4 0
1681516398066 78.8 0
1681517185475 78.8 0
1681517972991 78.60000000000001 0
1681518258080 79.0 0
