1681503354566 82.6 0
1681504168155 82.5 0
1681504996864 85.53333333333335 0
1681505825546 85.1 0
1681506650620 86.16 0
1681507474704 85.53333333333332 0
1681508297290 86.37142857142858 0
1681509118221 87.3 0
1681509940985 86.13333333333333 0
1681510785721 87.17999999999999 0
1681511599151 87.05454545454546 0
1681512405857 87.48333333333333 0
1681513210968 88.04615384615384 0
1681514012957 87.70000000000002 0
1681514809973 87.13333333333335 0
1681515605615 87.275 0
1681516397941 87.30588235294117 0
1681517185335 87.02222222222221 0
1681517972844 87.32631578947368 0
1681518257918 87.94000000000001 0
