1682918584849 78.2 0
1682918890192 60.199999999999996 1
1682919196962 62.6 2
1682919503063 50.6 3
1682919810791 47.599999999999994 4
1682920118852 55.800000000000004 5
1682920426851 52.6 6
1682920736910 57.199999999999996 7
1682921047420 56.599999999999994 8
1682921358383 53.6 9
1682921668883 49.4 10
1682921981101 48.4 11
1682922293648 56.2 12
1682922606456 49.0 13
1682922920036 56.8 14
1682923233961 51.2 15
1682923548601 57.99999999999999 16
1682923864245 57.99999999999999 17
1682924180799 55.60000000000001 18
1682924497200 56.99999999999999 19
