1682918584818 78.2 0
1682918890150 47.00000000000001 1
1682919196914 30.666666666666668 2
1682919503006 22.5 3
1682919810723 19.44 4
1682920118774 15.100000000000001 5
1682920426763 13.571428571428571 6
1682920736813 11.65 7
1682921047311 10.933333333333332 8
1682921358262 9.280000000000001 9
1682921668752 8.69090909090909 10
1682921980960 7.933333333333333 11
1682922293495 7.076923076923077 12
1682922606288 7.057142857142857 13
1682922919857 6.28 14
1682923233766 5.8375 15
1682923548395 5.576470588235294 16
1682923864026 5.011111111111111 17
1682924180563 4.915789473684211 18
1682924496931 4.8100000000000005 19
