1682918584832 78.2 0
1682918890165 76.4 1
1682919196927 71.06666666666666 2
1682919503019 68.0 3
1682919810736 67.6 4
1682920118788 64.56666666666666 5
1682920426777 64.34285714285714 6
1682920736825 65.125 7
1682921047325 66.86666666666666 8
1682921358277 63.160000000000004 9
1682921668766 63.709090909090904 10
1682921980973 59.51666666666666 11
1682922293508 61.1076923076923 12
1682922606303 62.72857142857141 13
1682922919870 64.33333333333334 14
1682923233781 61.025 15
1682923548409 62.5529411764706 16
1682923864039 60.844444444444434 17
1682924180577 58.36842105263158 18
1682924496948 62.11999999999999 19
