1690043567993 82.19999999999999 0
1690043878506 46.0 1
1690044189983 35.0 2
1690044499287 26.6 3
1690044810475 19.400000000000002 4
1690045121291 17.2 5
1690045432381 16.2 6
1690045741834 16.6 7
1690046055235 15.4 8
1690046372622 12.2 9
1690046687869 14.799999999999999 10
1690047001075 10.2 11
1690047314392 8.799999999999999 12
1690047629276 8.0 13
1690047943919 6.2 14
1690048259211 5.6000000000000005 15
1690048576888 0.6 16
1690048893513 3.2 17
1690049210076 1.7999999999999998 18
1690049525620 2.4 19
