1690043568004 82.19999999999999 0
1690043878529 77.60000000000001 1
1690044190014 76.0 2
1690044499328 74.4 3
1690044810527 73.2 4
1690045121363 71.39999999999999 5
1690045432455 71.0 6
1690045741920 71.6 7
1690046055332 69.8 8
1690046372731 68.2 9
1690046687991 62.6 10
1690047001209 61.199999999999996 11
1690047314540 59.8 12
1690047629437 59.0 13
1690047944093 59.599999999999994 14
1690048259401 57.199999999999996 15
1690048577092 61.0 16
1690048893731 50.8 17
1690049210310 50.2 18
1690049525870 50.0 19
