1690043567968 82.19999999999999 0
1690043878465 66.6 1
1690044189958 55.0 2
1690044499265 47.150000000000006 3
1690044810450 39.08 4
1690045121258 36.06666666666667 5
1690045432356 33.800000000000004 6
1690045741809 31.300000000000004 7
1690046055211 26.933333333333337 8
1690046372597 26.440000000000005 9
1690046687843 23.545454545454547 10
1690047001049 19.433333333333334 11
1690047314369 19.29230769230769 12
1690047629250 17.1 13
1690047943896 17.773333333333333 14
1690048259187 16.6875 15
1690048576864 14.835294117647058 16
1690048893487 13.088888888888889 17
1690049210034 12.778947368421052 18
1690049525593 11.58 19
