1690043567983 82.19999999999999 0
1690043878487 83.2 1
1690044189973 82.6 2
1690044499277 82.15 3
1690044810465 79.6 4
1690045121272 79.46666666666665 5
1690045432370 79.11428571428571 6
1690045741823 78.6 7
1690046055224 78.4 8
1690046372611 77.78 9
1690046687858 74.18181818181819 10
1690047001064 72.91666666666667 11
1690047314381 73.47692307692306 12
1690047629264 71.14285714285715 13
1690047943907 71.06666666666666 14
1690048259199 70.1875 15
1690048576876 68.78823529411764 16
1690048893500 68.19999999999999 17
1690049210062 67.11578947368422 18
1690049525608 68.81 19
