1679779709648 68.0 0
1679780873829 66.60000000000001 0
1679782039271 65.60000000000001 0
1679783204816 60.199999999999996 0
1679784371590 55.800000000000004 0
1679785538573 47.599999999999994 0
1679786704297 38.6 0
1679787954755 34.599999999999994 0
1679789136511 30.0 0
1679790308093 25.4 0
1679791479259 24.8 0
1679792650792 18.2 0
1679793823734 19.2 0
1679795007464 17.2 0
1679796197025 14.6 0
1679797388175 10.0 0
1679798580387 7.199999999999999 0
1679799772159 7.8 0
1679800963595 7.8 0
1679802155448 7.8 0
