1679779709628 68.0 0
1679780873809 51.5 0
1679782039251 52.6 0
1679783204793 49.900000000000006 0
1679784371569 46.599999999999994 0
1679785538564 42.76666666666667 0
1679786704275 40.771428571428565 0
1679787954733 39.825 0
1679789136490 39.37777777777777 0
1679790308083 37.260000000000005 0
1679791479249 35.345454545454544 0
1679792650769 33.03333333333333 0
1679793823711 31.907692307692308 0
1679795007453 30.24285714285714 0
1679796197001 27.96 0
1679797388152 26.512500000000003 0
1679798580363 25.223529411764705 0
1679799772134 23.922222222222224 0
1679800963571 22.568421052631578 0
1679802155424 21.000000000000004 0
