1689947318017 81.0 0
1689947632404 76.0 1
1689947950802 74.6 2
1689948266331 72.2 3
1689948584953 72.6 4
1689948903473 69.19999999999999 5
1689949222986 64.8 6
1689949540539 65.0 7
1689949860257 63.0 8
1689950179045 63.2 9
1689950504685 63.800000000000004 10
1689950824792 61.199999999999996 11
1689951149022 58.8 12
1689951472513 57.199999999999996 13
1689951796135 56.99999999999999 14
1689952121058 55.2 15
1689952446414 54.800000000000004 16
1689952771586 49.8 17
1689953100455 50.6 18
1689953423780 50.6 19
