1689947632394 84.0 0
1689947950782 43.4 1
1689948266302 32.4 2
1689948584914 20.200000000000003 3
1689948903423 21.6 4
1689949222914 21.6 5
1689949540467 15.8 6
1689949860175 11.799999999999999 7
1689950178952 10.4 8
1689950504580 8.6 9
1689950824674 6.800000000000001 10
1689951148892 7.3999999999999995 11
1689951472370 6.0 12
1689951795978 6.4 13
1689952120887 5.2 14
1689952446230 3.0 15
1689952771387 3.4000000000000004 16
1689953100241 4.3999999999999995 17
1689953423551 3.4000000000000004 18
