1689947317983 81.0 0
1689947632365 64.0 1
1689947950748 52.333333333333336 2
1689948266268 44.9 3
1689948584881 36.519999999999996 4
1689948903388 34.53333333333333 5
1689949222879 31.02857142857143 6
1689949540436 28.6 7
1689949860141 25.22222222222222 8
1689950178917 24.52 9
1689950504545 21.327272727272724 10
1689950824642 18.799999999999997 11
1689951148859 18.153846153846153 12
1689951472337 15.514285714285716 13
1689951795945 16.266666666666666 14
1689952120850 15.2375 15
1689952446194 12.96470588235294 16
1689952771349 11.755555555555555 17
1689953100203 11.863157894736842 18
1689953423512 11.14 19
