1689947317998 81.0 0
1689947632375 81.0 1
1689947950763 80.46666666666665 2
1689948266282 80.3 3
1689948584894 77.52 4
1689948903402 75.66666666666667 5
1689949222894 74.48571428571428 6
1689949540447 74.575 7
1689949860154 74.4 8
1689950178931 73.56 9
1689950504558 70.50909090909092 10
1689950824652 69.33333333333334 11
1689951148870 69.7846153846154 12
1689951472348 68.1857142857143 13
1689951795956 68.82666666666667 14
1689952120864 68.01249999999999 15
1689952446207 67.09411764705882 16
1689952771364 65.42222222222222 17
1689953100217 64.70526315789473 18
1689953423527 67.08999999999999 19
