1679356393281 87.6 0
1679356549837 84.4 0
1679356705483 83.93333333333334 0
1679356863846 82.4 0
1679357022242 82.52 0
1679357181095 83.53333333333333 0
1679357341361 82.97142857142856 0
1679357500240 82.85 0
1679357660684 82.15555555555555 0
1679357820958 81.6 0
1679357981688 80.83636363636364 0
1679358147075 81.11666666666666 0
1679358310098 80.73846153846155 0
1679358468507 78.52857142857144 0
1679358630826 78.06666666666668 0
1679358795074 77.65 0
1679358960123 78.23529411764706 0
1679359124500 77.21111111111111 0
1679359289675 77.58947368421052 0
1679359455553 77.02 0
