1682845310217 93.0 0
1682845617462 56.599999999999994 1
1682845925529 71.0 2
1682846233962 64.60000000000001 3
1682846543228 56.8 4
1682846852824 55.400000000000006 5
1682847162488 59.599999999999994 6
1682847473624 52.400000000000006 7
1682847785531 55.60000000000001 8
1682848097297 52.800000000000004 9
1682848410007 57.99999999999999 10
1682848722932 57.599999999999994 11
1682849037167 55.60000000000001 12
1682849351709 43.6 13
1682849667532 49.6 14
1682849984391 46.400000000000006 15
1682850300722 41.4 16
1682850618706 41.0 17
1682850936982 47.199999999999996 18
