1682845003645 88.2 0
1682845310169 51.5 1
1682845617404 30.400000000000002 2
1682845925450 23.7 3
1682846233886 18.12 4
1682846543139 14.433333333333332 5
1682846852727 13.4 6
1682847162381 11.924999999999999 7
1682847473501 10.088888888888889 8
1682847785402 9.42 9
1682848097128 8.145454545454546 10
1682848409854 7.366666666666666 11
1682848722768 6.923076923076923 12
1682849036990 6.6571428571428575 13
1682849351519 6.506666666666666 14
1682849667329 5.7250000000000005 15
1682849984176 5.3999999999999995 16
1682850300490 5.244444444444444 17
1682850618462 4.8842105263157904 18
1682850936721 4.680000000000001 19
