1682845003659 88.2 0
1682845310183 82.69999999999999 1
1682845617418 70.26666666666667 2
1682845925464 75.75 3
1682846233899 72.56000000000002 4
1682846543153 67.03333333333332 5
1682846852740 70.74285714285715 6
1682847162394 64.925 7
1682847473515 64.66666666666667 8
1682847785415 63.78000000000001 9
1682848097142 61.78181818181818 10
1682848409869 61.76666666666666 11
1682848722781 63.5076923076923 12
1682849037004 58.92857142857144 13
1682849351532 54.58666666666667 14
1682849667343 56.6125 15
1682849984190 59.04705882352941 16
1682850300503 57.12222222222223 17
1682850618475 58.031578947368416 18
1682850936735 60.95 19
