1689886843843 23.400000000000002 0
1689886847181 23.400000000000002 1
1689886851014 23.400000000000002 2
1689886855693 23.400000000000002 3
1689886860971 23.400000000000002 4
1689886866852 23.400000000000002 5
1689886873446 23.400000000000002 6
1689886880728 23.400000000000002 7
1689886888507 23.400000000000002 8
1689886897121 23.400000000000002 9
1689886906440 23.400000000000002 10
1689886916453 23.400000000000002 11
1689886927122 23.400000000000002 12
1689886938831 23.400000000000002 13
1689886950785 23.400000000000002 14
1689886963416 23.400000000000002 15
1689886976749 23.400000000000002 16
1689886991416 23.400000000000002 17
1689887006528 23.400000000000002 18
1689889664722 91.2 19
