1689886843824 23.400000000000002 0
1689886847153 24.700000000000003 1
1689886850977 23.066666666666666 2
1689886855646 22.65 3
1689886860915 21.96 4
1689886866785 21.633333333333336 5
1689886873369 21.400000000000002 6
1689886880640 21.225 7
1689886888408 21.08888888888889 8
1689886897011 20.98 9
1689886906318 20.89090909090909 10
1689886916317 21.733333333333334 11
1689886926975 21.6 12
1689886938672 21.485714285714288 13
1689886950613 21.386666666666667 14
1689886963230 21.35 15
1689886976534 21.27058823529412 16
1689886991204 21.244444444444447 17
1689887006297 21.189473684210526 18
1689889664475 94.25999999999999 19
