1689869712814 23.400000000000002 0
1689869716050 23.400000000000002 1
1689869719862 23.400000000000002 2
1689869724321 23.400000000000002 3
1689869729510 23.400000000000002 4
1689869735280 23.400000000000002 5
1689869741683 23.400000000000002 6
1689869748895 23.400000000000002 7
1689869756806 23.400000000000002 8
1689869765286 23.400000000000002 9
1689869774608 23.400000000000002 10
1689869784576 23.400000000000002 11
1689869795085 23.400000000000002 12
1689869806646 23.400000000000002 13
1689869819185 23.400000000000002 14
1689869831515 23.400000000000002 15
1689869844790 23.400000000000002 16
1689869858808 23.400000000000002 17
1689869873322 23.400000000000002 18
1689872530600 93.0 19
