1689869712796 23.400000000000002 0
1689869716023 24.700000000000003 1
1689869719825 23.066666666666666 2
1689869724246 22.65 3
1689869729454 21.96 4
1689869735213 21.633333333333336 5
1689869741605 21.400000000000002 6
1689869748807 21.225 7
1689869756707 21.08888888888889 8
1689869765177 20.98 9
1689869774485 20.89090909090909 10
1689869784441 21.733333333333334 11
1689869794925 21.6 12
1689869806486 21.485714285714288 13
1689869819014 21.386666666666667 14
1689869831329 21.35 15
1689869844590 21.27058823529412 16
1689869858593 21.244444444444447 17
1689869873092 21.189473684210526 18
1689872530334 94.72999999999999 19
