1681863475380 81.8 0
1681863796049 86.3 0
1681864118571 85.39999999999999 0
1681864447690 84.5 0
1681864775916 85.76 0
1681865099883 84.53333333333333 0
1681865426328 83.57142857142856 0
1681865757468 83.525 0
1681866088948 83.08888888888889 0
1681866414515 81.62 0
1681866745111 81.96363636363638 0
1681867080217 81.45 0
1681867415857 81.52307692307691 0
1681867746890 80.64285714285714 0
1681868082531 80.50666666666666 0
1681868402756 79.475 0
1681868720353 79.58823529411765 0
1681869040931 79.70000000000002 0
1681869362496 79.48421052631579 0
1681869685506 79.55000000000001 0
