1681863475369 81.8 0
1681863796037 72.9 0
1681864118556 67.46666666666667 0
1681864447679 59.349999999999994 0
1681864775904 54.8 0
1681865099872 52.13333333333333 0
1681865426317 49.771428571428565 0
1681865757461 45.175000000000004 0
1681866088933 43.82222222222222 0
1681866414504 38.92 0
1681866745099 40.90909090909091 0
1681867080203 37.483333333333334 0
1681867415839 37.67692307692307 0
1681867746879 34.75714285714286 0
1681868082519 34.693333333333335 0
1681868402744 32.287499999999994 0
1681868720341 31.376470588235293 0
1681869040905 31.38888888888889 0
1681869362484 29.021052631578947 0
1681869685493 25.74 0
