1708811180754 65.60000000000001 0
1708813652260 77.4 1
1708816084096 73.8 2
1708818503812 73.2 3
1708820945504 69.19999999999999 4
1708823375009 69.19999999999999 5
1708825781985 66.8 6
1708828194717 70.6 7
1708830616300 64.0 8
1708833056578 64.4 9
1708835562567 64.4 10
1708838172552 62.2 11
1708840844608 55.800000000000004 12
1708843515165 62.4 13
1708846220853 57.99999999999999 14
1708848975732 56.8 15
1708851703538 54.0 16
1708854515995 52.400000000000006 17
1708857492107 50.4 18
1708860337075 48.199999999999996 19
