1708811180748 65.60000000000001 0
1708813652246 68.60000000000001 1
1708816084080 60.6 2
1708818503792 58.8 3
1708820945477 49.2 4
1708823374976 48.199999999999996 5
1708825781947 45.0 6
1708828194673 44.800000000000004 7
1708830616249 35.8 8
1708833056521 34.599999999999994 9
1708835562501 36.6 10
1708838172478 29.4 11
1708840844527 24.6 12
1708843515075 30.2 13
1708846220755 26.400000000000002 14
1708848975626 23.400000000000002 15
1708851703422 23.400000000000002 16
1708854515868 23.0 17
1708857491969 19.0 18
1708860336927 21.2 19
