1708813652254 56.99999999999999 0
1708816084086 48.0 1
1708818503797 44.6 2
1708820945483 38.4 3
1708823374983 33.800000000000004 4
1708825781953 34.2 5
1708828194679 30.599999999999998 6
1708830616255 29.4 7
1708833056527 30.8 8
1708835562508 29.799999999999997 9
1708838172485 25.8 10
1708840844533 21.6 11
1708843515082 23.599999999999998 12
1708846220762 20.4 13
1708848975633 20.200000000000003 14
1708851703429 22.2 15
1708854515875 18.8 16
1708857491976 17.599999999999998 17
1708860336935 17.0 18
