1708811180741 65.60000000000001 0
1708813652235 77.80000000000001 1
1708816084073 73.06666666666666 2
1708818503784 73.65 3
1708820945470 70.03999999999999 4
1708823374966 66.53333333333333 5
1708825781940 67.00000000000001 6
1708828194667 67.925 7
1708830616241 66.71111111111112 8
1708833056513 64.3 9
1708835562494 64.76363636363637 10
1708838172467 62.93333333333334 11
1708840844519 59.12307692307692 12
1708843515067 63.67142857142857 13
1708846220748 62.2 14
1708848975618 62.025 15
1708851703414 60.68235294117647 16
1708854515861 60.87777777777779 17
1708857491961 60.04210526315788 18
1708860336919 59.02 19
