1708811180730 65.60000000000001 0
1708813652219 62.8 1
1708816084061 55.199999999999996 2
1708818503774 47.75 3
1708820945458 42.32 4
1708823374951 35.199999999999996 5
1708825781928 34.142857142857146 6
1708828194656 32.425 7
1708830616230 30.11111111111111 8
1708833056501 27.059999999999995 9
1708835562483 26.6 10
1708838172446 23.833333333333332 11
1708840844507 20.353846153846156 12
1708843515056 22.185714285714287 13
1708846220736 21.026666666666667 14
1708848975607 20.575 15
1708851703402 19.96470588235294 16
1708854515849 18.833333333333332 17
1708857491949 17.673684210526318 18
1708860336909 16.46 19
