1690031169439 89.4 0
1690031479171 53.800000000000004 1
1690031793057 41.0 2
1690032108542 28.999999999999996 3
1690032420253 28.4 4
1690032734428 28.199999999999996 5
1690033051134 18.2 6
1690033370738 16.400000000000002 7
1690033687131 12.4 8
1690034001735 10.4 9
1690034318054 8.200000000000001 10
1690034635618 8.200000000000001 11
1690034954055 7.199999999999999 12
1690035273363 9.0 13
1690035591936 6.0 14
1690035911214 4.6 15
1690036232217 3.5999999999999996 16
1690036552300 5.4 17
1690036869653 5.4 18
