1690030861125 85.2 0
1690031169419 85.9 1
1690031479150 86.2 2
1690031793035 85.9 3
1690032108522 82.79999999999998 4
1690032420232 82.03333333333332 5
1690032734407 82.11428571428571 6
1690033051113 82.19999999999999 7
1690033370716 80.88888888888889 8
1690033687109 81.87999999999998 9
1690034001706 78.74545454545456 10
1690034318031 77.71666666666667 11
1690034635596 77.92307692307693 12
1690034954032 76.74285714285713 13
1690035273340 76.84 14
1690035591912 76.725 15
1690035911191 76.01176470588236 16
1690036232193 75.0 17
1690036552276 73.43157894736842 18
1690036869628 74.72999999999999 19
