1690030861113 85.2 0
1690031169404 68.3 1
1690031479137 58.93333333333334 2
1690031793021 50.650000000000006 3
1690032108510 43.28 4
1690032420222 39.76666666666667 5
1690032734393 37.371428571428574 6
1690033051100 35.325 7
1690033370702 30.622222222222224 8
1690033687095 30.140000000000004 9
1690034001681 26.545454545454547 10
1690034318017 22.333333333333332 11
1690034635582 23.553846153846152 12
1690034954020 19.457142857142856 13
1690035273326 21.186666666666667 14
1690035591897 20.049999999999997 15
1690035911176 17.141176470588235 16
1690036232181 15.88888888888889 17
1690036552261 15.368421052631579 18
1690036869615 14.5 19
