1681746756640 91.8 0
1681747075056 81.2 0
1681747391719 70.8 0
1681747712484 60.199999999999996 0
1681748032244 67.60000000000001 0
1681748351946 49.4 0
1681748672593 51.800000000000004 0
1681748994761 40.6 0
1681749316898 46.2 0
1681749639985 41.199999999999996 0
1681749964182 30.2 0
1681750287007 35.8 0
1681750609883 38.6 0
1681750935676 22.2 0
1681751259885 37.6 0
1681751585668 33.800000000000004 0
1681751912706 24.2 0
1681752240915 19.2 0
1681752571276 32.6 0
1681752899349 28.199999999999996 0
