1681746756622 91.8 0
1681747075037 80.80000000000001 0
1681747391699 74.93333333333334 0
1681747712460 69.5 0
1681748032223 66.88 0
1681748351930 60.366666666666674 0
1681748672574 60.457142857142856 0
1681748994744 53.275000000000006 0
1681749316879 55.44444444444444 0
1681749639967 51.46 0
1681749964163 43.74545454545454 0
1681750286984 43.56666666666666 0
1681750609867 41.0 0
1681750935660 33.5 0
1681751259867 37.813333333333325 0
1681751585649 35.3375 0
1681751912687 31.752941176470593 0
1681752240894 29.444444444444443 0
1681752571236 31.136842105263153 0
1681752899330 29.630000000000003 0
