1681746756633 91.8 0
1681747075048 87.19999999999999 0
1681747391711 88.59999999999998 0
1681747712475 87.55 0
1681748032236 88.08 0
1681748351940 87.76666666666665 0
1681748672586 88.08571428571429 0
1681748994754 86.425 0
1681749316890 86.84444444444443 0
1681749639977 86.53999999999999 0
1681749964174 84.5090909090909 0
1681750287001 83.86666666666666 0
1681750609877 83.6923076923077 0
1681750935670 82.87142857142855 0
1681751259878 82.01333333333334 0
1681751585661 81.5375 0
1681751912699 80.70588235294117 0
1681752240906 80.30000000000001 0
1681752571256 80.77894736842104 0
1681752899341 79.79999999999998 0
