1689918646504 90.8 0
1689918788776 48.199999999999996 1
1689918933622 46.6 2
1689919078793 29.2 3
1689919224853 22.6 4
1689919370636 15.6 5
1689919516525 13.4 6
1689919664188 18.2 7
1689919810532 23.400000000000002 8
1689919958806 34.0 9
1689920107290 26.400000000000002 10
1689920257146 27.0 11
1689920406529 22.0 12
1689920556472 25.6 13
1689920707309 24.8 14
1689920858641 21.2 15
1689921010877 38.6 16
1689921163860 24.8 17
1689921326333 23.599999999999998 18
1689921481768 32.800000000000004 19
