1689918646485 90.8 0
1689918788748 70.6 1
1689918933585 69.13333333333334 2
1689919078746 59.0 3
1689919224795 51.0 4
1689919370568 42.63333333333333 5
1689919516446 46.199999999999996 6
1689919664098 45.05 7
1689919810432 44.2 8
1689919958693 44.16 9
1689920107166 40.85454545454545 10
1689920257010 43.81666666666667 11
1689920406380 47.876923076923084 12
1689920556311 40.34285714285715 13
1689920707135 45.67999999999999 14
1689920858452 37.27499999999999 15
1689921010675 38.694117647058825 16
1689921163644 36.07777777777777 17
1689921326100 39.284210526315796 18
1689921481521 32.63000000000001 19
