1709433721127 62.6 0
1709434139478 28.699999999999996 1
1709434565842 24.46666666666667 2
1709434995141 18.9 3
1709435424877 15.8 4
1709435856064 18.53333333333333 5
1709436286281 15.97142857142857 6
1709436716706 15.924999999999999 7
1709437153810 15.355555555555554 8
1709437585193 13.1 9
1709438015840 13.018181818181818 10
1709438451284 11.699999999999998 11
1709438886317 11.753846153846155 12
1709439316794 9.971428571428572 13
1709439752788 9.8 14
1709440190296 9.2875 15
1709440626912 9.188235294117646 16
1709441062782 9.366666666666667 17
1709441499352 8.305263157894737 18
1709441936644 6.960000000000001 19
