1709433721145 62.6 0
1709434139495 56.3 1
1709434565860 57.46666666666666 2
1709434995161 44.849999999999994 3
1709435424894 41.31999999999999 4
1709435856082 45.4 5
1709436286289 42.94285714285714 6
1709436716725 45.025000000000006 7
1709437153829 47.400000000000006 8
1709437585211 43.28 9
1709438015858 43.38181818181818 10
1709438451303 44.03333333333334 11
1709438886335 44.23076923076924 12
1709439316812 44.24285714285715 13
1709439752810 43.54666666666667 14
1709440190323 42.3875 15
1709440626931 43.57647058823529 16
1709441062791 43.733333333333334 17
1709441499372 42.06315789473685 18
1709441936664 40.099999999999994 19
