1681807779013 89.8 0
1681807948959 58.199999999999996 0
1681808118246 48.6 0
1681808289248 39.800000000000004 0
1681808460454 32.800000000000004 0
1681808632224 32.800000000000004 0
1681808804822 28.4 0
1681808979632 28.999999999999996 0
1681809152792 25.2 0
1681809327204 19.400000000000002 0
1681809501596 15.6 0
1681809678191 13.600000000000001 0
1681809853878 10.8 0
1681810031430 10.0 0
1681810210217 13.200000000000001 0
1681810388312 10.2 0
1681810566692 10.8 0
1681810745849 11.4 0
1681810927448 10.2 0
