1681807610814 83.2 0
1681807778989 75.3 0
1681807948936 61.46666666666666 0
1681808118210 52.75 0
1681808289221 49.8 0
1681808460430 41.46666666666667 0
1681808632206 41.4 0
1681808804796 37.8 0
1681808979607 32.06666666666666 0
1681809152768 30.160000000000004 0
1681809327173 27.181818181818183 0
1681809501571 27.96666666666667 0
1681809678165 25.261538461538464 0
1681809853853 24.271428571428572 0
1681810031397 23.706666666666667 0
1681810210191 23.05 0
1681810388287 20.552941176470586 0
1681810566666 19.877777777777776 0
1681810745823 18.968421052631577 0
1681810927422 18.18 0
