1681807610827 83.2 0
1681807779001 86.7 0
1681807948946 86.86666666666667 0
1681808118227 83.9 0
1681808289234 85.6 0
1681808460441 83.13333333333333 0
1681808632214 83.05714285714285 0
1681808804808 81.525 0
1681808979618 81.26666666666668 0
1681809152780 79.72 0
1681809327185 80.36363636363636 0
1681809501583 79.55000000000001 0
1681809678177 80.16923076923075 0
1681809853864 80.5 0
1681810031408 79.94666666666667 0
1681810210203 79.89999999999999 0
1681810388298 79.45882352941175 0
1681810566678 78.86666666666667 0
1681810745835 77.60000000000001 0
1681810927433 77.85 0
