1689999354924 87.2 0
1689999666117 48.8 1
1689999980911 33.800000000000004 2
1690000293008 24.8 3
1690000607733 24.0 4
1690000921285 24.0 5
1690001236150 15.4 6
1690001550604 11.0 7
1690001864709 12.2 8
1690002182628 11.200000000000001 9
1690002503366 8.0 10
1690002822647 8.200000000000001 11
1690003140158 6.6000000000000005 12
1690003461448 8.200000000000001 13
1690003786036 6.2 14
1690004104879 4.3999999999999995 15
1690004431778 6.0 16
1690004753532 4.3999999999999995 17
1690005076325 4.0 18
