1689999043001 83.6 0
1689999354914 47.599999999999994 1
1689999666107 33.0 2
1689999980901 23.200000000000003 3
1690000292998 20.4 4
1690000607723 16.8 5
1690000921275 16.0 6
1690001236139 14.799999999999999 7
1690001550594 11.200000000000001 8
1690001864698 10.4 9
1690002182618 12.2 10
1690002503355 10.2 11
1690002822636 9.8 12
1690003140147 9.8 13
1690003461436 5.2 14
1690003786025 6.2 15
1690004104867 1.4000000000000001 16
1690004431765 3.4000000000000004 17
1690004753520 3.2 18
1690005076313 2.8000000000000003 19
