1689999042991 83.6 0
1689999354904 84.80000000000001 1
1689999666097 83.0 2
1689999980891 83.2 3
1690000292987 80.35999999999999 4
1690000607713 80.03333333333333 5
1690000921264 78.79999999999998 6
1690001236129 78.075 7
1690001550583 77.62222222222223 8
1690001864687 75.58000000000001 9
1690002182605 73.32727272727273 10
1690002503345 73.11666666666667 11
1690002822625 72.70769230769231 12
1690003140136 72.34285714285714 13
1690003461425 71.16 14
1690003786013 71.5125 15
1690004104856 72.05882352941177 16
1690004431751 70.0 17
1690004753508 69.53684210526316 18
1690005076300 70.38000000000001 19
