1689999042981 83.6 0
1689999354891 67.4 1
1689999666083 56.199999999999996 2
1689999980877 47.75 3
1690000292974 39.0 4
1690000607699 36.333333333333336 5
1690000921250 34.25714285714286 6
1690001236113 30.950000000000003 7
1690001550568 27.599999999999998 8
1690001864673 26.880000000000003 9
1690002182584 23.963636363636365 10
1690002503334 21.55 11
1690002822611 20.215384615384615 12
1690003140122 17.257142857142856 13
1690003461411 18.626666666666665 14
1690003785998 17.875 15
1690004104842 15.658823529411768 16
1690004431736 13.711111111111112 17
1690004753496 14.042105263157898 18
1690005076286 12.26 19
