1679353092381 88.4 0
1679353249128 83.5 0
1679353410181 86.59999999999998 0
1679353577914 84.25 0
1679353744794 85.72 0
1679353912912 84.36666666666666 0
1679354083076 82.54285714285713 0
1679354247554 83.67499999999998 0
1679354404796 82.77777777777777 0
1679354565032 81.18 0
1679354728647 82.43636363636364 0
1679354891940 81.69999999999999 0
1679355055439 81.32307692307693 0
1679355219505 79.64285714285714 0
1679355382061 79.38666666666667 0
1679355547259 78.4375 0
1679355704954 79.70588235294117 0
1679355869782 77.14444444444445 0
1679356034776 78.50526315789473 0
1679356201299 77.29999999999998 0
