1679359647925 86.6 0
1679359802643 84.0 0
1679359960072 86.40000000000002 0
1679360120252 82.5 0
1679360276654 83.64 0
1679360437395 84.39999999999999 0
1679360597839 82.6285714285714 0
1679360758674 83.44999999999999 0
1679360917948 81.53333333333335 0
1679361079665 81.84 0
1679361242646 81.16363636363636 0
1679361404724 82.00000000000001 0
1679361566783 80.44615384615386 0
1679361730963 78.72857142857143 0
1679361893117 78.83999999999999 0
1679362057610 77.85 0
1679362220984 79.21176470588235 0
1679362387886 77.53333333333335 0
1679362551889 78.6421052631579 0
1679362719148 77.17999999999999 0
