1682910275172 91.8 0
1682910413586 92.60000000000001 1
1682910566551 91.8 2
1682910720120 92.4 3
1682910873244 92.80000000000001 4
1682911026354 93.0 5
1682911181075 92.60000000000001 6
1682911335984 92.80000000000001 7
1682911491092 92.4 8
1682911646634 91.4 9
1682911804339 93.0 10
1682911961384 93.4 11
1682912119822 94.19999999999999 12
1682912279422 93.0 13
1682912438238 92.60000000000001 14
1682912596409 92.2 15
1682912754887 91.60000000000001 16
1682912911713 91.8 17
1682913067112 92.0 18
1682913218413 92.80000000000001 19
