1682910275161 91.8 0
1682910413570 83.5 1
1682910566528 86.26666666666667 2
1682910720090 89.39999999999999 3
1682910873208 90.84 4
1682911026313 92.19999999999999 5
1682911181028 91.62857142857145 6
1682911335928 92.15 7
1682911491028 92.06666666666666 8
1682911646561 91.72 9
1682911804260 91.01818181818182 10
1682911961295 90.43333333333332 11
1682912119712 89.80000000000001 12
1682912279302 90.07142857142857 13
1682912438121 89.83999999999999 14
1682912596265 89.3 15
1682912754753 88.67058823529412 16
1682912911559 88.4888888888889 17
1682913066948 88.4 18
1682913218233 88.44000000000003 19
