1682910275144 91.8 0
1682910413553 47.300000000000004 1
1682910566511 49.199999999999996 2
1682910720085 57.6 3
1682910873191 59.4 4
1682911026307 61.73333333333333 5
1682911181011 61.857142857142854 6
1682911335910 61.599999999999994 7
1682911491021 61.022222222222226 8
1682911646544 61.75999999999999 9
1682911804253 59.85454545454545 10
1682911961278 58.20000000000001 11
1682912119693 56.47692307692307 12
1682912279282 54.371428571428574 13
1682912438103 52.42666666666666 14
1682912596246 50.91250000000001 15
1682912754735 50.741176470588236 16
1682912911541 49.233333333333334 17
1682913066929 48.24210526315789 18
1682913218224 46.540000000000006 19
