1679803383916 67.4 0
1679804563693 71.0 0
1679805744461 72.2 0
1679806923595 71.0 0
1679808104559 69.39999999999999 0
1679809286182 69.39999999999999 0
1679810468369 67.60000000000001 0
1679811724800 67.0 0
1679813010935 68.2 0
1679814230247 66.4 0
1679815416554 65.0 0
1679816603490 62.6 0
1679817790741 60.199999999999996 0
1679818977332 57.199999999999996 0
1679820166416 56.599999999999994 0
1679821355357 56.8 0
1679822544687 56.599999999999994 0
1679823735963 55.60000000000001 0
1679824926350 54.800000000000004 0
1679826117766 53.800000000000004 0
