1679803383907 67.4 0
1679804563681 77.69999999999999 0
1679805744444 75.60000000000001 0
1679806923572 76.05000000000001 0
1679808104534 74.2 0
1679809286150 75.13333333333333 0
1679810468332 74.39999999999999 0
1679811724755 74.325 0
1679813010886 74.0888888888889 0
1679814230190 72.74 0
1679815416492 71.09090909090911 0
1679816603420 70.26666666666667 0
1679817790662 69.58461538461538 0
1679818977246 68.08571428571427 0
1679820166323 67.37333333333332 0
1679821355256 66.07499999999999 0
1679822544574 65.55294117647058 0
1679823735842 64.4 0
1679824926220 64.47368421052633 0
1679826117622 63.77 0
