1679803383891 67.4 0
1679804563664 51.6 0
1679805744428 51.199999999999996 0
1679806923555 48.5 0
1679808104517 45.480000000000004 0
1679809286133 43.300000000000004 0
1679810468315 42.74285714285715 0
1679811724739 40.324999999999996 0
1679813010869 39.422222222222224 0
1679814230173 37.459999999999994 0
1679815416487 34.21818181818181 0
1679816603403 32.75 0
1679817790645 29.661538461538466 0
1679818977240 28.057142857142857 0
1679820166306 26.52 0
1679821355238 25.3375 0
1679822544557 24.623529411764704 0
1679823735825 22.855555555555558 0
1679824926203 21.726315789473684 0
1679826117604 20.71 0
