1682648526004 68.8 0
1682648769387 40.5 0
1682649013312 26.133333333333336 0
1682649258589 21.85 0
1682649503903 15.280000000000001 0
1682649749775 13.100000000000001 0
1682649996618 12.142857142857142 0
1682650244648 11.025 0
1682650492918 9.666666666666666 0
1682650741839 8.78 0
1682650991086 6.9818181818181815 0
1682651241016 6.866666666666666 0
1682651491500 6.184615384615385 0
1682651742521 5.857142857142857 0
1682651994723 6.2 0
1682652247133 4.9 0
1682652501038 5.011764705882353 0
1682652755140 4.944444444444445 0
1682653010247 4.094736842105263 0
1682653266086 4.33 0
