1689878284585 23.400000000000002 0
1689878287725 23.400000000000002 1
1689878291636 23.400000000000002 2
1689878296081 23.400000000000002 3
1689878301664 23.400000000000002 4
1689878308208 23.400000000000002 5
1689878315089 23.400000000000002 6
1689878322235 23.400000000000002 7
1689878330051 23.400000000000002 8
1689878338565 23.400000000000002 9
1689878347764 23.400000000000002 10
1689878357965 23.400000000000002 11
1689878368708 23.400000000000002 12
1689878379928 23.400000000000002 13
1689878391929 23.400000000000002 14
1689878404528 23.400000000000002 15
1689878417728 23.400000000000002 16
1689878431715 23.400000000000002 17
1689878446184 23.400000000000002 18
1689881105693 92.2 19
