1689878284567 23.400000000000002 0
1689878287698 24.700000000000003 1
1689878291599 23.066666666666666 2
1689878296034 22.65 3
1689878301607 21.96 4
1689878308141 21.633333333333336 5
1689878315010 21.400000000000002 6
1689878322148 21.225 7
1689878329952 21.08888888888889 8
1689878338437 20.98 9
1689878347643 20.89090909090909 10
1689878357831 21.733333333333334 11
1689878368563 21.6 12
1689878379768 21.485714285714288 13
1689878391725 21.386666666666667 14
1689878404343 21.35 15
1689878417528 21.27058823529412 16
1689878431500 21.244444444444447 17
1689878445956 21.189473684210526 18
1689881105446 95.19999999999999 19
