1708639892831 68.2 0
1708640315293 34.599999999999994 1
1708640738281 13.200000000000001 2
1708641162505 11.0 3
1708641587070 10.8 4
1708642013006 19.400000000000002 5
1708642439765 9.0 6
1708642867384 13.4 7
1708643295531 10.4 8
1708643724307 14.000000000000002 9
1708644154007 11.799999999999999 10
1708644584262 13.200000000000001 11
1708645015210 11.200000000000001 12
1708645445814 12.4 13
1708645876692 12.2 14
1708646307554 13.8 15
1708646744162 17.2 16
1708647187327 9.8 17
1708647620784 12.6 18
1708648055195 11.4 19
