1708639892796 68.2 0
1708640315245 38.9 1
1708640738218 26.86666666666667 2
1708641162431 20.5 3
1708641586982 16.96 4
1708642012904 5.733333333333333 5
1708642439649 11.200000000000001 6
1708642867250 10.375 7
1708643295379 8.288888888888888 8
1708643724142 8.3 9
1708644153825 7.036363636363637 10
1708644584065 6.983333333333333 11
1708645014993 6.369230769230769 12
1708645445579 5.085714285714286 13
1708645876442 5.346666666666667 14
1708646307277 4.7375 15
1708646743871 5.376470588235295 16
1708647187014 4.677777777777778 17
1708647620448 4.042105263157895 18
1708648054833 3.8 19
