1708639892808 68.2 0
1708640315257 56.199999999999996 1
1708640738231 44.26666666666667 2
1708641162443 44.150000000000006 3
1708641586995 35.6 4
1708642012917 23.900000000000002 5
1708642439662 28.542857142857144 6
1708642867264 30.15 7
1708643295393 26.244444444444444 8
1708643724156 26.939999999999998 9
1708644153840 25.818181818181817 10
1708644584080 22.799999999999997 11
1708645015008 25.923076923076923 12
1708645445594 22.214285714285715 13
1708645876457 23.106666666666666 14
1708646307294 22.5875 15
1708646743887 23.635294117647064 16
1708647187031 19.1 17
1708647620464 20.073684210526313 18
1708648054850 17.8 19
