1679731869358 68.0 0
1679733058933 72.8 0
1679734250722 72.0 0
1679735439470 70.6 0
1679736636093 68.4 0
1679737827070 66.2 0
1679739014600 65.4 0
1679740202527 63.800000000000004 0
1679741390729 62.8 0
1679742592743 61.6 0
1679743883820 59.4 0
1679745131942 56.8 0
1679746319421 55.400000000000006 0
1679747512274 53.0 0
1679748706077 53.400000000000006 0
1679749900872 53.400000000000006 0
1679751092418 53.400000000000006 0
1679752285669 52.2 0
1679753476412 52.0 0
1679754664875 54.800000000000004 0
