1679731869350 68.0 0
1679733058921 78.1 0
1679734250704 75.53333333333333 0
1679735439445 75.05 0
1679736636067 73.16 0
1679737827038 73.2 0
1679739014562 72.65714285714286 0
1679740202484 72.825 0
1679741390679 73.15555555555557 0
1679742592687 72.44000000000001 0
1679743883753 71.34545454545454 0
1679745131873 70.81666666666666 0
1679746319343 69.84615384615384 0
1679747512185 68.65714285714286 0
1679748705982 68.01333333333335 0
1679749900764 67.35 0
1679751092304 67.28235294117648 0
1679752285544 67.18888888888888 0
1679753476271 66.05263157894737 0
1679754664728 66.01 0
