1679731869346 68.0 0
1679733058904 51.0 0
1679734250687 48.6 0
1679735439429 46.15 0
1679736636062 43.160000000000004 0
1679737827022 41.96666666666667 0
1679739014546 40.371428571428574 0
1679740202468 39.775 0
1679741390662 38.44444444444445 0
1679742592670 36.7 0
1679743883735 35.81818181818182 0
1679745131868 33.38333333333334 0
1679746319326 31.33846153846154 0
1679747512167 29.25714285714286 0
1679748705965 28.253333333333337 0
1679749900746 27.2375 0
1679751092298 26.48235294117647 0
1679752285527 24.455555555555556 0
1679753476250 23.010526315789477 0
1679754664710 22.209999999999997 0
