1708616581465 80.0 0
1708617489944 33.6 1
1708618399063 24.0 2
1708619310289 12.2 3
1708620221381 10.2 4
1708621138165 5.4 5
1708622054501 5.6000000000000005 6
1708622974825 5.2 7
1708623894313 3.5999999999999996 8
1708624817284 3.4000000000000004 9
1708625742648 2.6 10
1708626675756 1.7999999999999998 11
1708627598860 1.2 12
1708628521749 1.6 13
1708629442896 2.1999999999999997 14
1708630363088 1.6 15
1708631282444 1.7999999999999998 16
1708632204894 1.7999999999999998 17
1708633128794 1.6 18
1708634051504 0.8 19
