1708616581453 80.0 0
1708617489931 72.19999999999999 1
1708618399051 75.06666666666666 2
1708619310277 71.4 3
1708620221368 70.88 4
1708621138151 69.43333333333332 5
1708622054488 69.48571428571428 6
1708622974811 59.45 7
1708623894299 64.84444444444445 8
1708624817270 65.36 9
1708625742634 62.72727272727273 10
1708626675741 62.53333333333333 11
1708627598845 61.32307692307692 12
1708628521732 61.44285714285714 13
1708629442881 59.74666666666666 14
1708630363073 59.3375 15
1708631282427 59.74117647058823 16
1708632204877 56.87777777777777 17
1708633128775 55.8421052631579 18
1708634051487 55.94 19
