1708616581440 80.0 0
1708617489918 54.3 1
1708618399039 47.46666666666667 2
1708619310263 34.800000000000004 3
1708620221355 30.439999999999998 4
1708621138137 23.2 5
1708622054474 20.885714285714283 6
1708622974798 16.174999999999997 7
1708623894286 17.06666666666667 8
1708624817255 14.739999999999998 9
1708625742620 13.854545454545455 10
1708626675726 11.549999999999999 11
1708627598830 10.523076923076925 12
1708628521716 9.242857142857142 13
1708629442866 8.573333333333332 14
1708630363057 8.3375 15
1708631282411 8.0 16
1708632204861 7.522222222222222 17
1708633128758 6.557894736842105 18
1708634051470 5.93 19
