1689960597564 90.60000000000001 0
1689960925193 51.6 1
1689961241906 35.6 2
1689961563013 27.6 3
1689961881518 29.799999999999997 4
1689962200899 29.599999999999998 5
1689962519878 17.599999999999998 6
1689962838556 13.200000000000001 7
1689963157442 12.6 8
1689963482492 7.6 9
1689963805252 11.0 10
1689964128919 7.3999999999999995 11
1689964453081 5.6000000000000005 12
1689964775517 9.2 13
1689965102729 6.4 14
1689965427679 7.000000000000001 15
1689965756777 6.6000000000000005 16
1689966089527 5.2 17
1689966415841 5.800000000000001 18
