1689960278883 87.6 0
1689960597534 71.0 1
1689960925160 59.6 2
1689961241864 50.099999999999994 3
1689961562979 43.88 4
1689961881484 41.233333333333334 5
1689962200864 38.228571428571435 6
1689962519846 34.9 7
1689962838523 32.022222222222226 8
1689963157406 30.520000000000003 9
1689963482456 27.272727272727273 10
1689963805202 24.516666666666666 11
1689964128883 22.830769230769228 12
1689964453048 20.171428571428574 13
1689964775479 22.14666666666667 14
1689965102687 21.725 15
1689965427641 19.070588235294117 16
1689965756740 17.711111111111112 17
1689966089488 17.25263157894737 18
1689966415802 15.3 19
