1689960278896 87.6 0
1689960597545 88.2 1
1689960925174 86.73333333333333 2
1689961241881 86.35000000000001 3
1689961562992 83.96000000000001 4
1689961881498 82.96666666666667 5
1689962200878 83.57142857142857 6
1689962519858 83.65 7
1689962838536 82.55555555555556 8
1689963157420 82.48 9
1689963482470 81.56363636363636 10
1689963805228 80.23333333333333 11
1689964128897 79.03076923076922 12
1689964453059 78.35714285714286 13
1689964775494 79.06666666666666 14
1689965102702 79.1375 15
1689965427656 78.05882352941177 16
1689965756753 77.46666666666665 17
1689966089503 77.57894736842104 18
1689966415816 76.41 19
