1708600980296 79.4 0
1708601270089 36.199999999999996 1
1708601560259 17.8 2
1708601851847 14.000000000000002 3
1708602143934 12.0 4
1708602436892 14.000000000000002 5
1708602730187 15.2 6
1708603023837 10.2 7
1708603318732 8.799999999999999 8
1708603614614 12.6 9
1708603911282 11.799999999999999 10
1708604208308 10.8 11
1708604506772 13.600000000000001 12
1708604805015 12.2 13
1708605104122 8.200000000000001 14
1708605404208 7.8 15
1708605705461 9.4 16
1708606006894 9.2 17
1708606309602 9.4 18
