1708600691553 71.0 0
1708600980291 28.799999999999997 1
1708601270084 14.000000000000002 2
1708601560254 10.2 3
1708601851842 10.8 4
1708602143928 12.0 5
1708602436886 10.0 6
1708602730181 11.0 7
1708603023831 9.0 8
1708603318726 11.200000000000001 9
1708603614608 11.799999999999999 10
1708603911276 11.0 11
1708604208302 10.2 12
1708604506765 10.6 13
1708604805008 8.799999999999999 14
1708605104114 11.799999999999999 15
1708605404200 9.8 16
1708605705453 9.6 17
1708606006886 10.2 18
1708606309594 9.4 19
