1708600691526 71.0 0
1708600980259 39.7 1
1708601270058 26.333333333333332 2
1708601560207 19.45 3
1708601851793 3.2399999999999998 4
1708602143873 8.933333333333334 5
1708602436821 10.914285714285715 6
1708602730112 10.5 7
1708603023765 5.288888888888888 8
1708603318653 8.319999999999999 9
1708603614514 6.2 10
1708603911174 6.916666666666667 11
1708604208189 6.43076923076923 12
1708604506646 5.357142857142857 13
1708604804873 3.853333333333333 14
1708605103967 1.5375 15
1708605404028 5.247058823529412 16
1708605705282 4.111111111111111 17
1708606006711 3.7263157894736842 18
1708606309405 3.07 19
