1708600691543 71.0 0
1708600980275 54.1 1
1708601270063 43.06666666666666 2
1708601560224 33.7 3
1708601851810 17.080000000000002 4
1708602143890 26.366666666666664 5
1708602436839 25.97142857142857 6
1708602730129 27.75 7
1708603023771 16.844444444444445 8
1708603318659 25.8 9
1708603614532 24.636363636363637 10
1708603911192 25.066666666666666 11
1708604208207 24.03076923076923 12
1708604506664 21.942857142857147 13
1708604804892 17.626666666666665 14
1708605103985 13.7375 15
1708605404049 23.8 16
1708605705300 19.866666666666667 17
1708606006729 20.65263157894737 18
1708606309424 16.599999999999998 19
