1708849752795 69.6 0
1708850741746 74.0 1
1708851786384 74.73333333333333 2
1708852820176 73.80000000000001 3
1708853854043 72.08000000000001 4
1708854877610 70.2 5
1708855923311 67.6 6
1708856980162 64.55 7
1708858050655 60.955555555555556 8
1708859098140 55.61999999999999 9
1708860166516 50.78181818181818 10
1708861225608 50.449999999999996 11
1708862301474 49.646153846153844 12
1708863380551 50.09999999999999 13
1708864451936 52.29333333333333 14
1708865536047 55.337500000000006 15
1708866623226 57.23529411764705 16
1708867720327 59.400000000000006 17
1708868815443 56.90526315789474 18
1708869907205 50.52 19
