1708849752780 69.6 0
1708850741731 54.5 1
1708851786367 44.199999999999996 2
1708852820162 33.099999999999994 3
1708853854026 32.239999999999995 4
1708854877592 24.933333333333334 5
1708855923294 21.514285714285712 6
1708856980144 18.275 7
1708858050640 14.444444444444445 8
1708859098122 14.02 9
1708860166497 11.072727272727274 10
1708861225589 10.133333333333335 11
1708862301455 10.86153846153846 12
1708863380532 12.257142857142856 13
1708864451916 13.213333333333333 14
1708865536027 13.912500000000001 15
1708866623206 11.305882352941175 16
1708867720307 9.644444444444446 17
1708868815423 6.494736842105263 18
1708869907183 5.54 19
