1689858285759 23.400000000000002 0
1689858288954 23.400000000000002 1
1689858292728 23.400000000000002 2
1689858297207 23.400000000000002 3
1689858302276 23.400000000000002 4
1689858308043 23.400000000000002 5
1689858314434 23.400000000000002 6
1689858321450 23.400000000000002 7
1689858329050 23.400000000000002 8
1689858337259 23.400000000000002 9
1689858346351 23.400000000000002 10
1689858356132 23.400000000000002 11
1689858366632 23.400000000000002 12
1689858377832 23.400000000000002 13
1689858389551 23.400000000000002 14
1689858402493 23.400000000000002 15
1689858415254 23.400000000000002 16
1689858429215 23.400000000000002 17
1689858443630 23.400000000000002 18
1689861100294 91.60000000000001 19
