1689858285723 23.400000000000002 0
1689858288925 24.700000000000003 1
1689858292691 23.066666666666666 2
1689858297161 22.65 3
1689858302221 21.96 4
1689858307976 21.633333333333336 5
1689858314339 21.400000000000002 6
1689858321363 21.225 7
1689858328953 21.08888888888889 8
1689858337145 20.98 9
1689858346230 20.89090909090909 10
1689858355999 21.733333333333334 11
1689858366488 21.6 12
1689858377674 21.485714285714288 13
1689858389381 21.386666666666667 14
1689858402311 21.35 15
1689858415057 21.27058823529412 16
1689858429001 21.244444444444447 17
1689858443403 21.189473684210526 18
1689861100049 94.91 19
