1679336741368 88.6 0
1679336862207 74.6 0
1679336983546 58.4 0
1679337105483 50.400000000000006 0
1679337227773 50.64 0
1679337350575 42.166666666666664 0
1679337473704 37.68571428571429 0
1679337596994 33.675 0
1679337721046 30.422222222222224 0
1679337845349 29.659999999999997 0
1679337970130 29.10909090909091 0
1679338095661 24.966666666666665 0
1679338221475 25.907692307692308 0
1679338348094 25.585714285714285 0
1679338475191 21.293333333333333 0
1679338602747 19.9 0
1679338730790 19.670588235294115 0
1679338859112 20.5 0
1679338988051 16.894736842105264 0
1679339117286 16.8 0
