1689866831415 23.400000000000002 0
1689866834858 23.400000000000002 1
1689866838697 23.400000000000002 2
1689866843152 23.400000000000002 3
1689866848232 23.400000000000002 4
1689866853971 23.400000000000002 5
1689866860290 23.400000000000002 6
1689866867454 23.400000000000002 7
1689866875205 23.400000000000002 8
1689866883655 23.400000000000002 9
1689866892825 23.400000000000002 10
1689866902414 23.400000000000002 11
1689866912791 23.400000000000002 12
1689866924035 23.400000000000002 13
1689866935796 23.400000000000002 14
1689866948492 23.400000000000002 15
1689866961865 23.400000000000002 16
1689866975523 23.400000000000002 17
1689866990728 23.400000000000002 18
1689869668451 92.80000000000001 19
