1689863990800 23.400000000000002 0
1689863994069 23.400000000000002 1
1689863997808 23.400000000000002 2
1689864002233 23.400000000000002 3
1689864007289 23.400000000000002 4
1689864013559 23.400000000000002 5
1689864020098 23.400000000000002 6
1689864027289 23.400000000000002 7
1689864035183 23.400000000000002 8
1689864043708 23.400000000000002 9
1689864052624 23.400000000000002 10
1689864062359 23.400000000000002 11
1689864072775 23.400000000000002 12
1689864083935 23.400000000000002 13
1689864095791 23.400000000000002 14
1689864108286 23.400000000000002 15
1689864121528 23.400000000000002 16
1689864135222 23.400000000000002 17
1689864149529 23.400000000000002 18
1689866786769 92.80000000000001 19
