1689863990781 23.400000000000002 0
1689863994041 24.700000000000003 1
1689863997771 23.066666666666666 2
1689864002187 22.65 3
1689864007199 21.96 4
1689864013493 21.633333333333336 5
1689864020021 21.400000000000002 6
1689864027202 21.225 7
1689864035072 21.08888888888889 8
1689864043599 20.98 9
1689864052486 20.89090909090909 10
1689864062222 21.733333333333334 11
1689864072611 21.6 12
1689864083778 21.485714285714288 13
1689864095621 21.386666666666667 14
1689864108103 21.35 15
1689864121331 21.27058823529412 16
1689864135010 21.244444444444447 17
1689864149302 21.189473684210526 18
1689866786524 95.08 19
