1708625219801 10.8 0
1708625914684 46.2 1
1708626611060 50.2 2
1708627306904 48.199999999999996 3
1708628003498 37.6 4
1708628700925 32.800000000000004 5
1708629399602 29.2 6
1708630098327 26.0 7
1708630798890 23.799999999999997 8
1708631499918 21.6 9
1708632202539 19.400000000000002 10
1708632906086 18.0 11
1708633610692 13.600000000000001 12
1708634314704 14.000000000000002 13
1708635020325 14.799999999999999 14
1708635726736 13.600000000000001 15
1708636433817 13.200000000000001 16
1708637141300 13.8 17
