1708624526270 85.0 0
1708625219810 82.6 1
1708625914698 79.80000000000001 2
1708626611078 76.0 3
1708627306927 77.0 4
1708628003526 73.4 5
1708628700959 71.6 6
1708629399642 72.39999999999999 7
1708630098374 72.39999999999999 8
1708630798943 70.0 9
1708631499978 68.8 10
1708632202607 66.4 11
1708632906162 68.60000000000001 12
1708633610774 68.0 13
1708634314794 68.8 14
1708635020425 69.19999999999999 15
1708635726843 69.39999999999999 16
1708636433936 67.2 17
1708637141427 63.800000000000004 18
