1708623869726 77.60000000000001 0
1708624526237 52.7 1
1708625219772 48.333333333333336 2
1708625914654 43.650000000000006 3
1708626611032 42.92 4
1708627306875 41.43333333333334 5
1708628003469 37.31428571428571 6
1708628700896 34.65 7
1708629399575 32.888888888888886 8
1708630098296 32.559999999999995 9
1708630798859 29.763636363636362 10
1708631499887 27.200000000000003 11
1708632202509 25.784615384615385 12
1708632906055 25.128571428571426 13
1708633610662 23.466666666666665 14
1708634314672 22.6625 15
1708635020293 22.56470588235294 16
1708635726704 21.533333333333335 17
1708636433784 19.69473684210526 18
1708637141268 17.880000000000003 19
