1708623869738 77.60000000000001 0
1708624526248 81.1 1
1708625219784 79.33333333333333 2
1708625914666 77.45 3
1708626611043 76.32 4
1708627306886 74.5 5
1708628003480 71.45714285714287 6
1708628700907 71.57499999999999 7
1708629399585 71.24444444444445 8
1708630098309 71.41999999999999 9
1708630798871 70.47272727272727 10
1708631499899 68.91666666666667 11
1708632202520 68.66153846153846 12
1708632906066 68.81428571428572 13
1708633610673 68.33333333333333 14
1708634314683 67.225 15
1708635020305 68.34117647058822 16
1708635726715 67.1 17
1708636433796 65.48421052631579 18
1708637141279 64.25 19
