1682665318878 88.8 0
1682666123906 45.9 1
1682666946552 42.199999999999996 2
1682667766999 46.25000000000001 3
1682668592554 45.480000000000004 4
1682669409206 47.13333333333333 5
1682670225996 49.91428571428571 6
1682671036306 52.550000000000004 7
1682671846406 50.62222222222223 8
1682672654406 49.32000000000001 9
1682673456694 48.654545454545456 10
1682674250360 46.21666666666667 11
1682675089577 44.61538461538461 12
1682675935765 43.67142857142858 13
1682676731870 42.30666666666668 14
1682677509361 42.3875 15
1682678281775 41.25882352941177 16
1682679055207 40.511111111111106 17
1682679820843 39.47368421052631 18
1682680092734 38.67 19
