1681230357047 79.60000000000001 0
1681230493794 82.80000000000001 0
1681230631814 83.06666666666666 0
1681230768423 84.05 0
1681230906701 85.92 0
1681231044168 85.43333333333334 0
1681231182634 84.79999999999998 0
1681231321316 85.075 0
1681231460625 84.35555555555555 0
1681231600182 84.53999999999999 0
1681231740607 84.63636363636364 0
1681231881634 84.68333333333335 0
1681232022585 84.19999999999999 0
1681232163243 83.47142857142856 0
1681232304084 83.24 0
1681232445853 83.52499999999999 0
1681232587929 83.30588235294118 0
1681232729318 83.04444444444444 0
1681232871795 83.10526315789473 0
1681233014946 82.73 0
