1681230357043 79.60000000000001 0
1681230493778 71.5 0
1681230631798 63.199999999999996 0
1681230768407 60.449999999999996 0
1681230906697 60.2 0
1681231044151 57.46666666666667 0
1681231182617 54.971428571428575 0
1681231321299 50.425 0
1681231460608 49.666666666666664 0
1681231600164 44.36 0
1681231740591 44.90909090909091 0
1681231881617 42.63333333333333 0
1681232022568 39.78461538461538 0
1681232163237 40.3 0
1681232304067 37.33333333333333 0
1681232445835 35.9625 0
1681232587912 34.34117647058823 0
1681232729300 33.077777777777776 0
1681232871777 31.57894736842105 0
1681233014928 31.07 0
