1708648633228 55.400000000000006 0
1708649054021 60.5 1
1708649475269 45.333333333333336 2
1708649897302 40.65 3
1708650320003 35.52 4
1708650743858 32.166666666666664 5
1708651167889 28.485714285714288 6
1708651593020 28.225 7
1708652018572 29.28888888888889 8
1708652445140 25.96 9
1708652872027 22.490909090909096 10
1708653299670 21.5 11
1708653727708 25.292307692307695 12
1708654156818 24.814285714285713 13
1708654586050 21.160000000000004 14
1708655016449 22.262500000000003 15
1708655452096 19.929411764705883 16
1708655892526 19.155555555555555 17
1708656325469 20.652631578947368 18
1708656759218 18.490000000000002 19
