1708648633216 55.400000000000006 0
1708649054009 41.5 1
1708649475256 26.333333333333332 2
1708649897289 19.25 3
1708650319990 15.520000000000001 4
1708650743844 11.4 5
1708651167876 10.62857142857143 6
1708651593007 10.075000000000001 7
1708652018559 9.422222222222222 8
1708652445126 8.1 9
1708652872013 7.054545454545456 10
1708653299656 5.716666666666668 11
1708653727694 6.323076923076922 12
1708654156803 6.414285714285714 13
1708654586034 5.266666666666667 14
1708655016433 4.9125000000000005 15
1708655452080 4.811764705882353 16
1708655892510 4.48888888888889 17
1708656325452 4.4947368421052625 18
1708656759201 3.78 19
