1708669172783 81.0 0
1708670130794 75.8 1
1708671102921 70.19999999999999 2
1708672065186 65.4 3
1708673027774 57.8 4
1708673991235 44.2 5
1708674955966 53.400000000000006 6
1708675921467 60.199999999999996 7
1708676887500 61.199999999999996 8
1708677860237 56.00000000000001 9
1708678830001 56.39999999999999 10
1708679800515 57.199999999999996 11
1708680767818 53.800000000000004 12
1708681736474 57.199999999999996 13
1708682705636 54.800000000000004 14
1708683676989 51.4 15
1708684648045 55.800000000000004 16
1708685616588 56.00000000000001 17
1708686589414 53.800000000000004 18
