1708668217108 55.400000000000006 0
1708669172770 79.60000000000001 1
1708670130780 77.60000000000001 2
1708671102907 72.2 3
1708672065173 71.2 4
1708673027760 70.19999999999999 5
1708673991222 55.00000000000001 6
1708674955952 64.2 7
1708675921453 68.8 8
1708676887486 66.0 9
1708677860222 62.6 10
1708678829986 62.0 11
1708679800500 63.2 12
1708680767804 60.0 13
1708681736459 60.0 14
1708682705621 57.599999999999994 15
1708683676973 57.8 16
1708684648028 58.4 17
1708685616572 59.599999999999994 18
1708686589396 52.800000000000004 19
