1708668217071 55.400000000000006 0
1708669172720 68.8 1
1708670130710 56.73333333333334 2
1708671102820 49.75 3
1708672065082 42.64 4
1708673027653 35.4 5
1708673991098 18.11428571428571 6
1708674955816 29.2 7
1708675921297 31.800000000000004 8
1708676887322 29.120000000000005 9
1708677860038 26.763636363636365 10
1708678829778 25.7 11
1708679800267 24.50769230769231 12
1708680767564 19.757142857142856 13
1708681736201 23.093333333333337 14
1708682705345 20.4375 15
1708683676664 19.435294117647057 16
1708684647686 19.91111111111111 17
1708685616222 18.58947368421052 18
1708686589022 16.05 19
