1708668217084 55.400000000000006 0
1708669172732 80.30000000000001 1
1708670130724 77.39999999999999 2
1708671102835 74.3 3
1708672065095 71.28 4
1708673027667 67.06666666666666 5
1708673991112 50.25714285714286 6
1708674955831 64.4 7
1708675921311 68.95555555555556 8
1708676887336 66.44 9
1708677860053 63.27272727272727 10
1708678829793 64.23333333333333 11
1708679800283 64.95384615384616 12
1708680767580 59.48571428571428 13
1708681736217 65.09333333333333 14
1708682705361 63.075 15
1708683676681 61.11764705882353 16
1708684647703 63.24444444444444 17
1708685616239 62.1578947368421 18
1708686589039 60.000000000000014 19
