1708587495442 68.0 0
1708587866252 24.4 1
1708588237801 16.2 2
1708588603017 13.200000000000001 3
1708588975849 13.600000000000001 4
1708589348332 9.4 5
1708589720705 13.200000000000001 6
1708590093455 11.200000000000001 7
1708590459469 10.8 8
1708590829258 12.4 9
1708591206786 10.8 10
1708591588391 7.199999999999999 11
1708591968554 13.4 12
1708592328284 10.6 13
1708592707923 9.4 14
1708593073164 8.200000000000001 15
1708593455837 8.799999999999999 16
1708593861432 9.8 17
1708594247860 11.799999999999999 18
