1708587125241 81.2 0
1708587495422 47.3 1
1708587866227 35.93333333333333 2
1708588237767 35.5 3
1708588602980 30.28 4
1708588975808 26.03333333333333 5
1708589348284 23.457142857142856 6
1708589720649 20.425 7
1708590093379 18.666666666666668 8
1708590459398 19.76 9
1708590829176 21.090909090909093 10
1708591206698 19.716666666666665 11
1708591588293 17.000000000000004 12
1708591968450 18.085714285714285 13
1708592328168 18.86666666666667 14
1708592707799 16.05 15
1708593073027 17.47058823529412 16
1708593455689 16.344444444444445 17
1708593861273 15.957894736842105 18
1708594247689 15.629999999999999 19
