1708587125236 81.2 0
1708587495405 34.0 1
1708587866210 23.13333333333333 2
1708588237762 20.3 3
1708588602975 16.72 4
1708588975790 12.166666666666666 5
1708589348267 10.799999999999999 6
1708589720643 9.500000000000002 7
1708590093360 8.02222222222222 8
1708590459381 6.62 9
1708590829159 6.9818181818181815 10
1708591206680 6.400000000000001 11
1708591588275 4.8 12
1708591968432 5.514285714285714 13
1708592328150 5.2666666666666675 14
1708592707781 4.2875000000000005 15
1708593073009 3.8470588235294123 16
1708593455671 4.188888888888889 17
1708593861265 3.6526315789473687 18
1708594247671 3.78 19
