1708764627763 77.4 0
1708765644449 77.2 1
1708766663246 71.39999999999999 2
1708767682712 67.4 3
1708768701891 59.8 4
1708769721969 56.2 5
1708770745583 57.599999999999994 6
1708771774567 52.400000000000006 7
1708772800996 48.0 8
1708773828596 47.4 9
1708774857157 44.800000000000004 10
1708775884703 48.199999999999996 11
1708776914755 44.800000000000004 12
1708777944119 47.8 13
1708778974140 47.4 14
1708780008030 43.0 15
1708781042212 47.599999999999994 16
1708782076021 45.2 17
1708783111650 42.0 18
