1708763670450 78.4 0
1708764627726 68.2 1
1708765644400 63.4 2
1708766663183 49.6 3
1708767682634 37.0 4
1708768701799 20.200000000000003 5
1708769721857 13.8 6
1708770745461 13.200000000000001 7
1708771774424 6.800000000000001 8
1708772800844 7.000000000000001 9
1708773828427 6.0 10
1708774856965 6.2 11
1708775884488 6.4 12
1708776914530 6.0 13
1708777943869 3.4000000000000004 14
1708778973874 3.5999999999999996 15
1708780007735 3.2 16
1708781041908 1.4000000000000001 17
1708782075694 4.6 18
1708783111297 4.3999999999999995 19
