1708763670438 78.4 0
1708764627714 72.80000000000001 1
1708765644388 72.86666666666666 2
1708766663171 69.95 3
1708767682621 67.44000000000001 4
1708768701786 63.76666666666666 5
1708769721843 60.48571428571429 6
1708770745447 62.05 7
1708771774410 61.28888888888889 8
1708772800830 59.35999999999999 9
1708773828413 59.25454545454545 10
1708774856948 57.650000000000006 11
1708775884473 59.0923076923077 12
1708776914515 58.971428571428575 13
1708777943852 59.38666666666666 14
1708778973858 57.5125 15
1708780007719 58.2235294117647 16
1708781041892 57.955555555555556 17
1708782075676 57.031578947368416 18
1708783111280 55.14 19
