1708763670426 78.4 0
1708764627702 34.800000000000004 1
1708765644375 32.333333333333336 2
1708766663158 32.1 3
1708767682608 32.32 4
1708768701773 23.900000000000002 5
1708769721829 19.45714285714286 6
1708770745433 21.525000000000002 7
1708771774396 18.200000000000003 8
1708772800815 16.160000000000004 9
1708773828398 15.163636363636364 10
1708774856932 13.166666666666666 11
1708775884458 13.246153846153845 12
1708776914501 12.271428571428572 13
1708777943836 10.773333333333335 14
1708778973843 9.825000000000001 15
1708780007703 9.564705882352941 16
1708781041876 8.344444444444443 17
1708782075658 7.821052631578947 18
1708783111262 6.2 19
