1708698238689 67.0 0
1708698965125 65.0 1
1708699697835 62.2 2
1708700435901 61.8 3
1708701172961 60.0 4
1708701908598 57.599999999999994 5
1708702650439 56.599999999999994 6
1708703398598 54.800000000000004 7
1708704143878 55.60000000000001 8
1708704891244 53.800000000000004 9
1708705640858 52.2 10
1708706390565 45.800000000000004 11
1708707140859 50.8 12
1708707892910 49.2 13
1708708641445 48.199999999999996 14
1708709397494 49.2 15
1708710161207 47.199999999999996 16
1708710918235 47.599999999999994 17
1708711685308 49.6 18
