1708697521804 84.39999999999999 0
1708698238635 66.5 1
1708698965057 69.60000000000001 2
1708699697755 71.9 3
1708700435805 73.83999999999999 4
1708701172846 73.53333333333333 5
1708701908473 73.34285714285714 6
1708702650289 72.9 7
1708703398439 72.24444444444444 8
1708704143693 73.00000000000001 9
1708704891041 72.87272727272726 10
1708705640644 71.8 11
1708706390330 57.66153846153847 12
1708707140604 62.18571428571429 13
1708707892641 59.17333333333333 14
1708708641151 60.24999999999999 15
1708709397179 59.23529411764706 16
1708710160869 60.22222222222222 17
1708710917859 60.621052631578955 18
1708711684911 60.980000000000004 19
