1689876705506 91.60000000000001 0
1689876847922 54.6 1
1689876990538 36.8 2
1689877134172 33.800000000000004 3
1689877278435 28.599999999999998 4
1689877422887 25.8 5
1689877568370 28.599999999999998 6
1689877714694 8.200000000000001 7
1689877861533 19.8 8
1689878008034 11.799999999999999 9
1689878156179 26.200000000000003 10
1689878308251 20.4 11
1689878463513 21.8 12
1689878611924 31.6 13
1689878762479 26.400000000000002 14
1689878912841 22.8 15
1689879064850 24.0 16
1689879216395 19.0 17
1689879368257 28.000000000000004 18
