1689876563962 84.6 0
1689876705497 55.800000000000004 1
1689876847912 46.2 2
1689876990529 23.400000000000002 3
1689877134163 8.799999999999999 4
1689877278425 19.0 5
1689877422877 23.799999999999997 6
1689877568360 16.8 7
1689877714684 13.200000000000001 8
1689877861523 19.6 9
1689878008024 22.0 10
1689878156169 19.8 11
1689878308241 25.6 12
1689878463502 30.0 13
1689878611913 28.4 14
1689878762468 15.8 15
1689878912830 19.8 16
1689879064839 10.2 17
1689879216384 19.6 18
1689879368245 13.600000000000001 19
