1689876563943 84.6 0
1689876705470 73.7 1
1689876847875 63.400000000000006 2
1689876990482 53.849999999999994 3
1689877134107 48.32000000000001 4
1689877278359 46.800000000000004 5
1689877422796 48.08571428571428 6
1689877568272 44.650000000000006 7
1689877714585 40.37777777777777 8
1689877861413 34.2 9
1689878007901 31.25454545454545 10
1689878156032 35.96666666666666 11
1689878308094 33.23076923076923 12
1689878463343 36.74285714285715 13
1689878611741 36.61333333333334 14
1689878762282 35.175 15
1689878912630 32.470588235294116 16
1689879064625 33.099999999999994 17
1689879216154 33.45263157894736 18
1689879367977 33.95 19
