1689876563930 84.6 0
1689876705457 45.800000000000004 1
1689876847863 29.8 2
1689876990467 22.95 3
1689877134092 18.16 4
1689877278347 14.566666666666668 5
1689877422782 13.628571428571428 6
1689877568259 11.924999999999999 7
1689877714574 10.333333333333334 8
1689877861400 9.3 9
1689878007889 7.872727272727272 10
1689878156018 7.3500000000000005 11
1689878308080 6.876923076923077 12
1689878463329 6.528571428571429 13
1689878611728 6.4 14
1689878762268 5.7125 15
1689878912616 5.411764705882353 16
1689879064611 5.244444444444444 17
1689879216139 4.810526315789474 18
1689879367948 4.65 19
