1682814420920 87.8 0
1682814728413 72.6 1
1682815035843 66.60000000000001 2
1682815344922 68.8 3
1682815654376 64.2 4
1682815964361 67.4 5
1682816275029 55.00000000000001 6
1682816585938 48.4 7
1682816898217 58.8 8
1682817210477 53.0 9
1682817523784 61.0 10
1682817837335 60.199999999999996 11
1682818152348 65.2 12
1682818467336 58.599999999999994 13
1682818782614 55.60000000000001 14
1682819098580 57.199999999999996 15
1682819415511 62.8 16
1682819733515 60.199999999999996 17
1682820051848 60.0 18
1682820370094 57.199999999999996 19
