1682814728421 93.0 0
1682815035852 58.199999999999996 1
1682815344930 66.8 2
1682815654385 51.6 3
1682815964370 47.199999999999996 4
1682816275039 50.4 5
1682816585947 50.6 6
1682816898226 58.4 7
1682817210487 42.199999999999996 8
1682817523794 57.599999999999994 9
1682817837344 47.199999999999996 10
1682818152358 53.2 11
1682818467346 59.0 12
1682818782624 45.800000000000004 13
1682819098591 47.4 14
1682819415521 48.199999999999996 15
1682819733526 56.599999999999994 16
1682820051859 52.0 17
1682820370105 48.199999999999996 18
