1682814420888 87.8 0
1682814728374 49.5 1
1682815035794 30.533333333333335 2
1682815344864 23.65 3
1682815654310 18.560000000000002 4
1682815964285 14.766666666666667 5
1682816274943 13.542857142857143 6
1682816585842 12.025 7
1682816898110 10.333333333333336 8
1682817210359 9.44 9
1682817523656 8.072727272727272 10
1682817837193 7.416666666666667 11
1682818152194 6.892307692307693 12
1682818467169 6.7 13
1682818782437 6.466666666666667 14
1682819098389 5.862500000000001 15
1682819415306 5.352941176470588 16
1682819733298 5.277777777777778 17
1682820051617 4.905263157894737 18
1682820369846 4.72 19
