1682814420902 87.8 0
1682814728386 82.8 1
1682815035808 72.13333333333334 2
1682815344877 74.1 3
1682815654322 69.52000000000001 4
1682815964298 66.63333333333333 5
1682816274956 66.57142857142857 6
1682816585855 61.8 7
1682816898124 66.04444444444444 8
1682817210373 60.959999999999994 9
1682817523669 63.36363636363635 10
1682817837207 63.400000000000006 11
1682818152208 60.876923076923084 12
1682818467184 60.357142857142854 13
1682818782450 56.82666666666667 14
1682819098402 56.7625 15
1682819415320 58.88235294117647 16
1682819733312 60.77777777777778 17
1682820051630 59.284210526315796 18
1682820369860 61.30000000000001 19
