1689904015943 23.400000000000002 0
1689904019260 23.400000000000002 1
1689904023082 23.400000000000002 2
1689904027743 23.400000000000002 3
1689904033075 23.400000000000002 4
1689904038983 23.400000000000002 5
1689904045503 23.400000000000002 6
1689904052862 23.400000000000002 7
1689904060686 23.400000000000002 8
1689904069409 23.400000000000002 9
1689904078821 23.400000000000002 10
1689904089037 23.400000000000002 11
1689904099932 23.400000000000002 12
1689904111385 23.400000000000002 13
1689904123493 23.400000000000002 14
1689904136638 23.400000000000002 15
1689904150216 23.400000000000002 16
1689904164471 23.400000000000002 17
1689904179775 23.400000000000002 18
1689906847338 92.0 19
