1689904015919 23.400000000000002 0
1689904019221 24.700000000000003 1
1689904023045 23.066666666666666 2
1689904027689 22.65 3
1689904033017 21.96 4
1689904038915 21.633333333333336 5
1689904045425 21.400000000000002 6
1689904052774 21.225 7
1689904060571 21.08888888888889 8
1689904069298 20.98 9
1689904078688 20.89090909090909 10
1689904088901 21.733333333333334 11
1689904099785 21.6 12
1689904111224 21.485714285714288 13
1689904123320 21.386666666666667 14
1689904136453 21.35 15
1689904150015 21.27058823529412 16
1689904164256 21.244444444444447 17
1689904179545 21.189473684210526 18
1689906847089 94.99 19
