1688378438236 91.0 0
1688378558007 47.0 1
1688378690574 47.666666666666664 2
1688378823053 54.8 3
1688378955831 52.6 4
1688379090223 53.53333333333334 5
1688379223709 53.25714285714286 6
1688379357823 54.3 7
1688379483718 53.17777777777778 8
1688379609752 52.5 9
1688379736127 49.63636363636365 10
1688379863147 46.900000000000006 11
1688379990046 44.276923076923076 12
1688380117717 41.857142857142854 13
1688380245049 41.12 14
1688380372985 40.0625 15
1688380500450 37.78823529411765 16
1688380629025 36.72222222222223 17
1688380757639 35.53684210526316 18
1688380886676 34.0 19
