1688378438253 91.0 0
1688378558012 82.5 1
1688378690579 83.73333333333333 2
1688378823069 85.3 3
1688378955848 85.52000000000001 4
1688379090239 87.90000000000002 5
1688379223726 88.71428571428574 6
1688379357840 88.025 7
1688379483724 87.97777777777777 8
1688379609769 87.12 9
1688379736144 86.85454545454546 10
1688379863164 85.84999999999998 11
1688379990063 85.41538461538462 12
1688380117735 85.15714285714287 13
1688380245067 84.93333333333332 14
1688380373003 84.25 15
1688380500468 83.77647058823528 16
1688380629043 84.10000000000001 17
1688380757646 83.01052631578946 18
1688380886694 82.56 19
