1708805941959 12.0 0
1708805951308 9.3 1
1708805961380 9.533333333333333 2
1708805972341 10.0 3
1708805984186 10.0 4
1708805996828 10.0 5
1708806010189 10.0 6
1708806024400 10.075 7
1708806039303 10.244444444444444 8
1708806055119 10.219999999999999 9
1708806071649 10.527272727272726 10
1708806088891 10.433333333333332 11
1708806106912 10.384615384615385 12
1708806125737 10.514285714285714 13
1708806145454 10.533333333333333 14
1708806165947 10.475000000000001 15
1708806187236 10.447058823529414 16
1708806209500 10.4 17
1708806233190 10.378947368421054 18
1708816123459 87.41 19
