1681492340956 84.8 0
1681492424177 42.8 0
1681492513891 38.2 0
1681492603121 25.0 0
1681492692067 28.599999999999998 0
1681492782236 34.599999999999994 0
1681492873324 28.799999999999997 0
1681492964235 32.6 0
1681493056732 26.8 0
1681493148292 14.799999999999999 0
1681493240939 15.8 0
1681493334371 26.6 0
1681493428366 26.200000000000003 0
1681493522366 23.0 0
1681493616195 19.0 0
1681493710583 21.0 0
1681493806423 22.8 0
1681493900891 28.599999999999998 0
1681493996922 26.6 0
1681494092551 19.8 0
