1681492340948 84.8 0
1681492424163 64.4 0
1681492513873 60.866666666666674 0
1681492603098 56.05 0
1681492692039 52.55999999999999 0
1681492782203 59.29999999999999 0
1681492873284 54.857142857142854 0
1681492964188 53.25000000000001 0
1681493056678 53.53333333333333 0
1681493148230 45.800000000000004 0
1681493240873 43.199999999999996 0
1681493334297 50.31666666666667 0
1681493428283 51.16923076923077 0
1681493522276 49.65714285714286 0
1681493616090 52.09333333333334 0
1681493710476 44.3875 0
1681493806305 50.023529411764706 0
1681493900765 50.8 0
1681493996786 51.26315789473684 0
1681494092403 54.31999999999999 0
