1681492340931 84.8 0
1681492424147 43.0 0
1681492513856 29.86666666666667 0
1681492603093 21.3 0
1681492692022 18.48 0
1681492782186 14.833333333333334 0
1681492873279 12.428571428571429 0
1681492964172 11.4 0
1681493056661 9.68888888888889 0
1681493148213 9.18 0
1681493240856 8.41818181818182 0
1681493334292 7.683333333333334 0
1681493428263 7.492307692307692 0
1681493522259 6.3428571428571425 0
1681493616084 5.8933333333333335 0
1681493710459 5.6625000000000005 0
1681493806288 5.329411764705883 0
1681493900747 5.044444444444444 0
1681493996768 4.968421052631578 0
1681494092386 4.8999999999999995 0
