1708666481324 75.4 0
1708666903164 30.599999999999998 1
1708667325883 23.200000000000003 2
1708667749124 24.0 3
1708668172837 15.6 4
1708668597515 11.600000000000001 5
1708669022757 11.4 6
1708669448689 8.4 7
1708669875306 15.8 8
1708670302693 4.0 9
1708670741291 5.6000000000000005 10
1708671172879 5.6000000000000005 11
1708671605385 5.2 12
1708672038716 7.8 13
1708672473321 13.200000000000001 14
1708672913331 12.0 15
1708673352267 12.2 16
1708673789631 7.3999999999999995 17
1708674227873 12.2 18
