1708666060086 83.8 0
1708666481312 37.8 1
1708666903151 25.6 2
1708667325871 28.599999999999998 3
1708667749112 24.6 4
1708668172824 20.0 5
1708668597501 16.6 6
1708669022744 7.000000000000001 7
1708669448675 8.799999999999999 8
1708669875292 5.4 9
1708670302679 7.6 10
1708670741277 10.2 11
1708671172865 12.6 12
1708671605371 11.0 13
1708672038702 11.799999999999999 14
1708672473306 14.399999999999999 15
1708672913316 12.8 16
1708673352251 7.6 17
1708673789615 11.600000000000001 18
1708674227856 14.399999999999999 19
