1708666060049 83.8 0
1708666481265 37.7 1
1708666903088 28.0 2
1708667325798 20.9 3
1708667749022 17.72 4
1708668172721 11.233333333333334 5
1708668597386 11.142857142857142 6
1708669022611 10.05 7
1708669448528 8.822222222222223 8
1708669875125 8.6 9
1708670302498 7.945454545454546 10
1708670741085 6.516666666666667 11
1708671172630 6.230769230769231 12
1708671605140 6.271428571428571 13
1708672038453 5.706666666666666 14
1708672473034 5.1625 15
1708672913025 4.435294117647059 16
1708673351933 4.4 17
1708673789274 4.11578947368421 18
1708674227486 4.45 19
