1708666060061 83.8 0
1708666481277 56.6 1
1708666903100 46.73333333333333 2
1708667325810 44.949999999999996 3
1708667749036 42.88 4
1708668172734 26.866666666666664 5
1708668597399 30.942857142857147 6
1708669022625 28.625 7
1708669448541 25.311111111111114 8
1708669875140 27.660000000000004 9
1708670302512 23.745454545454546 10
1708670741099 20.049999999999997 11
1708671172645 20.984615384615385 12
1708671605155 20.099999999999998 13
1708672038468 21.506666666666668 14
1708672473050 21.9 15
1708672913041 18.564705882352943 16
1708673351948 17.855555555555554 17
1708673789291 19.2 18
1708674227502 21.45 19
