1682623384409 81.39999999999999 0
1682623628259 29.799999999999997 0
1682623873916 25.4 0
1682624121292 27.400000000000002 0
1682624368909 19.6 0
1682624617089 23.200000000000003 0
1682624864978 19.2 0
1682625113899 20.8 0
1682625363173 15.2 0
1682625612923 16.8 0
1682625864121 18.4 0
1682626115787 22.2 0
1682626367817 23.400000000000002 0
1682626620280 24.6 0
1682626873436 28.199999999999996 0
1682627127566 16.400000000000002 0
1682627382366 21.6 0
1682627637506 21.6 0
1682627893724 22.2 0
1682628150388 26.0 0
