1682623384380 81.39999999999999 0
1682623628222 43.6 0
1682623873870 28.2 0
1682624121238 22.75 0
1682624368843 17.240000000000002 0
1682624617014 14.200000000000001 0
1682624864895 13.4 0
1682625113805 11.700000000000001 0
1682625363069 10.11111111111111 0
1682625612800 9.18 0
1682625863997 7.654545454545455 0
1682626115653 7.0 0
1682626367669 6.815384615384615 0
1682626620122 6.457142857142857 0
1682626873265 6.426666666666666 0
1682627127377 5.45 0
1682627382152 5.305882352941176 0
1682627637296 5.122222222222223 0
1682627893500 4.7368421052631575 0
1682628150151 4.61 0
