1708651857947 75.8 0
1708652494667 75.6 1
1708653136277 77.0 2
1708653783783 74.4 3
1708654431182 73.8 4
1708655079939 70.19999999999999 5
1708655729469 72.0 6
1708656382274 69.6 7
1708657035299 69.19999999999999 8
1708657694304 68.2 9
1708658353988 66.60000000000001 10
1708659015802 63.800000000000004 11
1708659680594 61.6 12
1708660340784 63.800000000000004 13
1708661007076 62.2 14
1708661672155 60.4 15
1708662343356 56.2 16
1708663012987 58.599999999999994 17
1708663682837 61.199999999999996 18
