1708651250049 83.6 0
1708651857932 45.0 1
1708652494647 33.0 2
1708653136253 21.0 3
1708653783754 11.200000000000001 4
1708654431148 6.800000000000001 5
1708655079899 5.0 6
1708655729423 2.0 7
1708656382222 4.3999999999999995 8
1708657035240 2.1999999999999997 9
1708657694238 2.1999999999999997 10
1708658353915 2.1999999999999997 11
1708659015722 2.8000000000000003 12
1708659680506 1.0 13
1708660340687 1.0 14
1708661006969 0.8 15
1708661672040 0.4 16
1708662343232 0.8 17
1708663012852 0.2 18
1708663682692 0.0 19
