1708651250031 83.6 0
1708651857911 58.3 1
1708652494629 48.80000000000001 2
1708653136235 39.0 3
1708653783735 27.919999999999998 4
1708654431130 25.0 5
1708655079881 24.62857142857143 6
1708655729404 21.275000000000002 7
1708656382203 15.933333333333334 8
1708657035221 15.1 9
1708657694219 15.890909090909092 10
1708658353896 14.783333333333333 11
1708659015703 12.384615384615385 12
1708659680488 10.685714285714285 13
1708660340667 11.333333333333334 14
1708661006950 11.650000000000002 15
1708661672015 8.152941176470588 16
1708662343213 7.7666666666666675 17
1708663012833 7.831578947368421 18
1708663682674 7.890000000000001 19
