1708651250042 83.6 0
1708651857924 78.5 1
1708652494640 75.2 2
1708653136245 78.15 3
1708653783746 77.52 4
1708654431141 75.30000000000001 5
1708655079892 75.82857142857142 6
1708655729415 74.32499999999999 7
1708656382214 71.86666666666666 8
1708657035233 71.75999999999999 9
1708657694231 72.89090909090909 10
1708658353908 72.49999999999999 11
1708659015714 68.84615384615384 12
1708659680499 69.1857142857143 13
1708660340679 70.52 14
1708661006962 70.28750000000001 15
1708661672030 69.91764705882353 16
1708662343224 68.92222222222223 17
1708663012844 67.94736842105262 18
1708663682685 67.7 19
