1689873574831 86.0 0
1689873716637 76.30000000000001 1
1689873860524 58.666666666666664 2
1689874003831 60.3 3
1689874146626 52.96 4
1689874290553 51.333333333333336 5
1689874434863 46.88571428571429 6
1689874580408 45.975 7
1689874727136 42.44444444444444 8
1689874875010 39.8 9
1689875022598 39.25454545454545 10
1689875169039 42.333333333333336 11
1689875318008 38.43076923076922 12
1689875471909 37.62857142857143 13
1689875627007 37.50666666666667 14
1689875776961 37.9875 15
1689875927553 38.0 16
1689876078686 37.52222222222222 17
1689876230872 39.43157894736843 18
1689876383936 43.04 19
