1689873574817 86.0 0
1689873716625 44.7 1
1689873860510 30.133333333333336 2
1689874003817 23.65 3
1689874146613 18.36 4
1689874290542 14.466666666666667 5
1689874434850 13.714285714285714 6
1689874580394 11.774999999999999 7
1689874727122 10.28888888888889 8
1689874874999 9.459999999999999 9
1689875022583 8.0 10
1689875169025 7.3 11
1689875317997 6.923076923076923 12
1689875471896 6.585714285714286 13
1689875626994 6.453333333333333 14
1689875776947 5.7375 15
1689875927537 5.541176470588234 16
1689876078672 5.266666666666667 17
1689876230861 4.852631578947369 18
1689876383924 4.6899999999999995 19
