1681236280583 79.80000000000001 0
1681236416495 76.0 0
1681236552381 69.0 0
1681236689323 63.0 0
1681236826485 57.99999999999999 0
1681236963742 54.0 0
1681237101992 51.6 0
1681237239702 49.2 0
1681237377844 44.4 0
1681237516793 38.2 0
1681237655016 35.4 0
1681237794193 36.199999999999996 0
1681237934313 33.800000000000004 0
1681238074246 30.599999999999998 0
1681238214334 27.0 0
1681238357640 25.0 0
1681238510820 23.799999999999997 0
1681238664627 21.2 0
1681238818965 19.2 0
1681238973677 15.6 0
