1681236280559 79.80000000000001 0
1681236416474 72.2 0
1681236552358 60.599999999999994 0
1681236689313 57.849999999999994 0
1681236826463 56.31999999999999 0
1681236963732 56.29999999999999 0
1681237101982 54.2 0
1681237239680 51.775 0
1681237377821 50.77777777777778 0
1681237516770 47.65999999999999 0
1681237655004 46.2 0
1681237794171 44.85 0
1681237934290 42.70769230769231 0
1681238074222 42.34285714285714 0
1681238214305 40.74666666666667 0
1681238357616 38.6875 0
1681238510796 37.247058823529414 0
1681238664597 36.666666666666664 0
1681238818938 36.07368421052632 0
1681238973653 33.97 0
