1682831899414 80.60000000000001 0
1682832741135 80.2 1
1682833573810 73.4 2
1682834407786 67.2 3
1682835241607 66.60000000000001 4
1682836064361 59.599999999999994 5
1682836870001 55.2 6
1682837743993 52.2 7
1682838633062 47.199999999999996 8
1682839514190 44.4 9
1682840390091 44.2 10
1682841279090 40.400000000000006 11
1682842161680 42.199999999999996 12
1682843061437 38.0 13
1682843925039 37.4 14
1682844772023 35.6 15
1682845644927 36.0 16
1682846532224 33.2 17
1682847416788 30.599999999999998 18
1682847722637 30.8 19
