1682831899408 80.60000000000001 0
1682832741129 87.7 1
1682833573804 89.46666666666665 2
1682834407780 90.69999999999999 3
1682835241601 91.4 4
1682836064355 91.63333333333333 5
1682836869994 92.02857142857142 6
1682837743986 91.94999999999999 7
1682838633055 91.86666666666667 8
1682839514183 91.96000000000001 9
1682840390084 92.43636363636364 10
1682841279083 92.35000000000001 11
1682842161672 92.72307692307692 12
1682843061430 93.0142857142857 13
1682843925031 92.83999999999999 14
1682844772015 92.94999999999999 15
1682845644919 92.78823529411765 16
1682846532214 92.71111111111111 17
1682847416778 92.7578947368421 18
1682847722628 92.83000000000001 19
