1679318584281 78.60000000000001 0
1679318710099 81.1 0
1679318836300 84.73333333333333 0
1679318963329 85.2 0
1679319091037 87.8 0
1679319218773 86.86666666666667 0
1679319346349 86.74285714285715 0
1679319474868 86.275 0
1679319603625 85.55555555555556 0
1679319732707 85.3 0
1679319862716 85.36363636363636 0
1679319992386 84.8 0
1679320123079 84.12307692307692 0
1679320253434 83.64285714285714 0
1679320384773 82.65333333333335 0
1679320515475 82.44999999999999 0
1679320646171 82.34117647058824 0
1679320777787 82.56666666666666 0
1679320910024 82.32631578947368 0
1679321043030 82.53999999999999 0
