1679399030879 65.4 0
1679399609654 67.80000000000001 0
1679400189447 65.4 0
1679400769511 61.199999999999996 0
1679401351953 53.2 0
1679401944050 45.6 0
1679402527060 38.800000000000004 0
1679403114605 32.0 0
1679403702440 24.2 0
1679404284215 22.0 0
1679404867074 17.8 0
1679405451187 16.2 0
1679406029740 14.399999999999999 0
1679406621158 14.000000000000002 0
1679407215482 11.0 0
1679407833539 12.2 0
1679408455072 11.4 0
1679409070964 8.4 0
1679409687327 6.800000000000001 0
1679410303978 6.2 0
