1679399030883 65.4 0
1679399609662 68.60000000000001 0
1679400189460 69.39999999999999 0
1679400769528 70.19999999999999 0
1679401351974 68.4 0
1679401944077 66.8 0
1679402527092 64.4 0
1679403114643 60.199999999999996 0
1679403702485 61.0 0
1679404284265 61.199999999999996 0
1679404867133 55.60000000000001 0
1679405451253 54.6 0
1679406029815 55.60000000000001 0
1679406621238 55.400000000000006 0
1679407215572 54.2 0
1679407833637 54.6 0
1679408455178 56.99999999999999 0
1679409071087 53.800000000000004 0
1679409687454 51.800000000000004 0
1679410304116 54.2 0
