1679399030875 65.4 0
1679399609650 74.9 0
1679400189443 74.26666666666667 0
1679400769505 75.7 0
1679401351948 74.24000000000001 0
1679401944045 75.13333333333333 0
1679402527055 74.45714285714287 0
1679403114601 73.92500000000001 0
1679403702435 73.86666666666667 0
1679404284210 72.94 0
1679404867069 71.56363636363636 0
1679405451182 70.45 0
1679406029734 70.29230769230769 0
1679406621152 69.44285714285714 0
1679407215476 68.64000000000001 0
1679407833533 68.275 0
1679408455066 68.29411764705883 0
1679409070958 67.12222222222222 0
1679409687321 66.57894736842105 0
1679410303971 66.66 0
