1679399030858 65.4 0
1679399609634 48.50000000000001 0
1679400189426 50.13333333333333 0
1679400769488 48.1 0
1679401351932 43.92 0
1679401944029 41.766666666666666 0
1679402527039 41.48571428571428 0
1679403114584 41.05 0
1679403702418 38.911111111111104 0
1679404284204 36.2 0
1679404867064 34.490909090909085 0
1679405451164 31.766666666666666 0
1679406029728 30.599999999999998 0
1679406621135 29.02857142857143 0
1679407215458 27.866666666666667 0
1679407833515 27.275000000000002 0
1679408455048 26.15294117647059 0
1679409070951 24.522222222222222 0
1679409687303 22.789473684210527 0
1679410303953 22.29 0
