1689909573392 87.6 0
1689909717150 76.7 1
1689909867777 59.93333333333334 2
1689910015835 54.25 3
1689910161365 56.160000000000004 4
1689910307285 53.53333333333334 5
1689910453822 52.57142857142856 6
1689910600262 46.0 7
1689910747209 43.75555555555556 8
1689910896020 39.040000000000006 9
1689911045340 37.945454545454545 10
1689911194758 41.21666666666667 11
1689911345075 40.87692307692308 12
1689911495554 40.271428571428565 13
1689911646982 39.093333333333334 14
1689911797340 37.975 15
1689911949193 38.35294117647058 16
1689912101328 35.3 17
1689912254950 36.55789473684211 18
1689912409091 39.63000000000001 19
