1689909573380 87.6 0
1689909717136 44.9 1
1689909867764 30.066666666666666 2
1689910015821 23.25 3
1689910161350 18.2 4
1689910307272 14.733333333333334 5
1689910453809 13.599999999999998 6
1689910600248 11.65 7
1689910747198 10.355555555555556 8
1689910896005 9.360000000000001 9
1689911045330 8.072727272727272 10
1689911194744 7.483333333333333 11
1689911345064 7.0 12
1689911495540 6.628571428571429 13
1689911646967 6.413333333333333 14
1689911797325 5.7 15
1689911949182 5.552941176470588 16
1689912101313 5.244444444444444 17
1689912254935 4.7894736842105265 18
1689912409062 4.61 19
