1682673622398 82.8 0
1682673867390 50.6 0
1682674113057 31.4 0
1682674359414 25.0 0
1682674606204 27.800000000000004 0
1682674853421 23.200000000000003 0
1682675101051 18.4 0
1682675349576 11.600000000000001 0
1682675598832 20.4 0
1682675848976 23.799999999999997 0
1682676099602 28.599999999999998 0
1682676351031 26.6 0
1682676603038 15.0 0
1682676855615 20.599999999999998 0
1682677108860 35.199999999999996 0
1682677362693 17.0 0
1682677617442 27.400000000000002 0
1682677872829 24.6 0
1682678128922 14.799999999999999 0
1682678385226 6.0 0
