1682673867398 89.4 0
1682674113065 42.199999999999996 0
1682674359422 33.6 0
1682674606213 26.200000000000003 0
1682674853429 38.4 0
1682675101060 28.000000000000004 0
1682675349585 21.6 0
1682675598841 20.200000000000003 0
1682675848985 28.999999999999996 0
1682676099611 18.4 0
1682676351041 38.0 0
1682676603047 19.2 0
1682676855624 27.400000000000002 0
1682677108870 22.2 0
1682677362703 24.2 0
1682677617452 23.400000000000002 0
1682677872840 17.599999999999998 0
1682678128933 20.8 0
1682678385237 30.4 0
