1682673622380 82.8 0
1682673867364 70.0 0
1682674113022 52.666666666666664 0
1682674359371 50.35 0
1682674606153 50.32 0
1682674853359 47.5 0
1682675100980 45.142857142857146 0
1682675349495 42.35 0
1682675598739 42.6 0
1682675848871 39.120000000000005 0
1682676099489 35.47272727272727 0
1682676350906 39.3 0
1682676602901 36.661538461538456 0
1682676855466 33.45714285714286 0
1682677108701 36.93333333333333 0
1682677362520 30.549999999999997 0
1682677617256 30.635294117647064 0
1682677872629 35.84444444444444 0
1682678128707 34.747368421052634 0
1682678384998 32.38 0
