1682673622368 82.8 0
1682673867351 44.7 0
1682674113009 28.13333333333333 0
1682674359358 22.5 0
1682674606140 17.32 0
1682674853345 14.266666666666666 0
1682675100965 13.22857142857143 0
1682675349481 11.275 0
1682675598726 10.022222222222222 0
1682675848857 9.14 0
1682676099476 7.763636363636363 0
1682676350892 7.416666666666667 0
1682676602887 6.615384615384615 0
1682676855452 6.471428571428572 0
1682677108688 6.279999999999999 0
1682677362506 5.5 0
1682677617242 5.247058823529412 0
1682677872616 5.211111111111111 0
1682678128693 4.557894736842105 0
1682678384984 4.55 0
