1681568576511 78.8 0
1681568715227 82.1 0
1681568855573 82.53333333333335 0
1681568995778 83.94999999999999 0
1681569136308 85.47999999999999 0
1681569278212 85.3 0
1681569420331 84.94285714285714 0
1681569561255 84.75 0
1681569702187 84.5111111111111 0
1681569844595 84.36000000000001 0
1681569987545 84.98181818181818 0
1681570130397 85.73333333333333 0
1681570271615 85.39999999999999 0
1681570415138 84.52857142857144 0
1681570556869 83.89333333333335 0
1681570701466 83.5 0
1681570846125 83.30588235294118 0
1681570990860 83.12222222222222 0
1681571137104 83.14736842105263 0
1681571280511 83.21 0
