1681568576495 78.8 0
1681568715210 70.4 0
1681568855556 61.0 0
1681568995761 56.300000000000004 0
1681569136291 56.239999999999995 0
1681569278196 55.53333333333333 0
1681569420325 52.314285714285724 0
1681569561238 50.4 0
1681569702170 49.3111111111111 0
1681569844578 46.720000000000006 0
1681569987528 46.800000000000004 0
1681570130380 46.349999999999994 0
1681570271597 44.06153846153846 0
1681570415119 43.871428571428574 0
1681570556863 40.53333333333333 0
1681570701448 38.925 0
1681570846108 36.705882352941174 0
1681570990852 36.68888888888889 0
1681571137096 35.86315789473684 0
1681571280493 34.739999999999995 0
