1679321190840 79.80000000000001 0
1679321317436 65.39999999999999 0
1679321444821 59.4 0
1679321573146 54.75 0
1679321700352 53.92 0
1679321831079 55.36666666666667 0
1679321962503 51.657142857142844 0
1679322095463 50.15 0
1679322228090 48.13333333333333 0
1679322362600 45.980000000000004 0
1679322497984 43.58181818181818 0
1679322635140 42.866666666666674 0
1679322771642 42.323076923076925 0
1679322908026 41.385714285714286 0
1679323042731 38.85333333333333 0
1679323177181 37.962500000000006 0
1679323310956 36.37647058823529 0
1679323446140 35.29999999999999 0
1679323583782 33.98947368421052 0
1679323721930 33.019999999999996 0
