1679321190856 79.80000000000001 0
1679321317452 76.2 0
1679321444825 79.86666666666667 0
1679321573162 78.95 0
1679321700368 82.48 0
1679321831095 84.3 0
1679321962519 84.17142857142856 0
1679322095468 84.975 0
1679322228107 84.37777777777778 0
1679322362617 83.84 0
1679322498001 82.80000000000001 0
1679322635157 83.64999999999999 0
1679322771648 82.86153846153846 0
1679322908043 82.78571428571429 0
1679323042748 82.34666666666666 0
1679323177198 82.0625 0
1679323310974 82.23529411764706 0
1679323446147 82.18888888888888 0
1679323583800 82.34736842105262 0
1679323721936 83.23999999999998 0
