1708639427654 76.6 0
1708640128453 74.0 1
1708640835597 73.46666666666667 2
1708641557098 74.8 3
1708642273080 75.44000000000001 4
1708642990382 75.33333333333333 5
1708643710397 76.25714285714285 6
1708644434265 72.975 7
1708645153696 72.64444444444445 8
1708645882956 71.5 9
1708646615159 72.16363636363636 10
1708647349082 69.71666666666667 11
1708648075944 66.78461538461539 12
1708648810973 66.7 13
1708649544599 66.46666666666667 14
1708650281422 66.36250000000001 15
1708651014326 65.65882352941176 16
1708651754769 63.25555555555555 17
1708652495684 63.38947368421053 18
1708653241005 56.67 19
