1708640762760 80.80000000000001 0
1708642593891 79.30000000000001 1
1708644432421 72.8 2
1708646270924 72.75 3
1708648107664 68.52 4
1708649945975 67.89999999999999 5
1708651782770 65.45714285714286 6
1708653622529 64.7 7
1708655462145 64.86666666666666 8
1708657304192 64.17999999999999 9
1708659145409 62.145454545454534 10
1708660985933 61.633333333333326 11
1708662824232 58.35384615384616 12
1708664663107 59.557142857142864 13
1708666501964 57.88 14
1708668349264 58.225 15
1708670209754 57.83529411764706 16
1708672046729 56.56666666666666 17
1708673882780 56.32631578947369 18
1708675711555 56.879999999999995 19
