1681377647621 87.2 0
1681377782725 81.4 0
1681377931081 82.46666666666667 0
1681378079807 83.6 0
1681378229788 85.16000000000001 0
1681378380438 84.50000000000001 0
1681378532329 84.42857142857143 0
1681378684617 84.65 0
1681378837629 84.06666666666666 0
1681378988843 84.48 0
1681379140820 84.3090909090909 0
1681379291747 84.68333333333334 0
1681379442132 84.73846153846154 0
1681379594240 83.42857142857143 0
1681379747311 82.62666666666668 0
1681379900790 82.8125 0
1681380054731 82.87058823529412 0
1681380209876 82.40000000000002 0
1681380364569 82.1263157894737 0
1681380518731 82.96 0
