1681377647616 87.2 0
1681377782708 41.599999999999994 0
1681377931064 44.599999999999994 0
1681378079790 49.55 0
1681378229771 53.04 0
1681378380421 52.300000000000004 0
1681378532313 51.31428571428571 0
1681378684601 49.8 0
1681378837623 47.75555555555556 0
1681378988826 46.4 0
1681379140803 45.527272727272724 0
1681379291742 44.43333333333333 0
1681379442126 41.96923076923077 0
1681379594223 41.01428571428571 0
1681379747294 40.013333333333335 0
1681379900772 38.724999999999994 0
1681380054713 37.529411764705884 0
1681380209858 36.011111111111106 0
1681380364551 34.978947368421046 0
1681380518713 34.64999999999999 0
