1689894538196 80.0 0
1689894680220 51.6 1
1689894824871 33.2 2
1689894968072 17.8 3
1689895112759 33.2 4
1689895257870 31.0 5
1689895404022 22.0 6
1689895557190 21.0 7
1689895705343 29.599999999999998 8
1689895852319 18.2 9
1689896000198 26.400000000000002 10
1689896148474 37.8 11
1689896296282 13.0 12
1689896445699 6.6000000000000005 13
1689896595422 20.599999999999998 14
1689896747269 6.6000000000000005 15
1689896898149 11.799999999999999 16
1689897050287 7.000000000000001 17
1689897202958 10.6 18
1689897355496 18.0 19
