1689894538178 80.0 0
1689894680192 69.6 1
1689894824834 51.4 2
1689894968025 45.150000000000006 3
1689895112702 46.36 4
1689895257803 47.166666666666664 5
1689895403944 43.885714285714286 6
1689895557102 37.425000000000004 7
1689895705244 39.51111111111111 8
1689895852210 34.32 9
1689896000058 32.89090909090909 10
1689896148340 32.449999999999996 11
1689896296136 28.015384615384615 12
1689896445538 28.000000000000004 13
1689896595250 29.8 14
1689896747083 25.487499999999997 15
1689896897950 25.705882352941178 16
1689897050075 26.88888888888889 17
1689897202729 29.126315789473683 18
1689897355252 30.359999999999996 19
