1689894538164 80.0 0
1689894680179 43.8 1
1689894824824 27.733333333333334 2
1689894968015 22.3 3
1689895112688 16.8 4
1689895257791 13.666666666666666 5
1689895403931 13.285714285714286 6
1689895557089 11.3 7
1689895705231 9.88888888888889 8
1689895852195 9.08 9
1689896000045 7.4363636363636365 10
1689896148325 7.05 11
1689896296123 6.523076923076923 12
1689896445521 6.371428571428572 13
1689896595237 6.333333333333333 14
1689896747071 5.2875 15
1689896897935 5.294117647058823 16
1689897050061 4.977777777777778 17
1689897202714 4.631578947368421 18
1689897355237 4.49 19
