1679362911827 87.8 0
1679363070592 76.1 0
1679363229361 63.46666666666667 0
1679363389769 61.050000000000004 0
1679363550251 57.96 0
1679363709472 54.6 0
1679363869136 46.85714285714287 0
1679364028337 42.474999999999994 0
1679364186357 43.0 0
1679364348470 41.559999999999995 0
1679364509712 39.03636363636363 0
1679364670471 36.550000000000004 0
1679364833688 34.95384615384615 0
1679364996042 32.5 0
1679365159823 27.333333333333336 0
1679365323593 30.862499999999997 0
1679365486135 27.14117647058824 0
1679365649423 27.622222222222224 0
1679365811269 26.168421052631576 0
1679365977551 26.330000000000002 0
