1679362911844 87.8 0
1679363070609 84.4 0
1679363229377 86.0 0
1679363389786 84.55 0
1679363550255 83.52 0
1679363709489 83.76666666666667 0
1679363869152 82.54285714285713 0
1679364028354 83.32500000000002 0
1679364186374 82.57777777777778 0
1679364348475 81.44 0
1679364509729 80.60000000000001 0
1679364670488 81.66666666666667 0
1679364833705 81.29230769230769 0
1679364996059 80.91428571428571 0
1679365159840 79.0 0
1679365323610 78.89999999999999 0
1679365486141 78.5529411764706 0
1679365649430 77.1888888888889 0
1679365811286 77.63157894736842 0
1679365977568 77.35 0
