1682869514661 85.8 0
1682869822694 70.8 1
1682870130713 65.8 2
1682870438201 68.8 3
1682870747057 64.60000000000001 4
1682871056716 58.599999999999994 5
1682871366777 60.6 6
1682871677539 50.2 7
1682871989284 50.0 8
1682872302343 56.599999999999994 9
1682872615460 55.800000000000004 10
1682872928873 51.4 11
1682873243298 54.0 12
1682873557826 56.99999999999999 13
1682873872282 46.0 14
1682874189226 53.800000000000004 15
1682874506914 57.8 16
1682874824408 53.400000000000006 17
1682875142496 58.8 18
1682875461335 56.8 19
