1682869514643 85.8 0
1682869822667 80.6 1
1682870130678 70.46666666666667 2
1682870438156 72.60000000000001 3
1682870747003 68.48 4
1682871056651 65.23333333333333 5
1682871366703 67.91428571428573 6
1682871677455 62.45 7
1682871989188 62.3111111111111 8
1682872302217 61.04 9
1682872615342 61.54545454545455 10
1682872928742 58.800000000000004 11
1682873243157 58.16923076923077 12
1682873557673 54.471428571428575 13
1682873872116 50.68 14
1682874189048 53.9 15
1682874506722 53.294117647058826 16
1682874824201 58.06666666666667 17
1682875142275 55.16842105263158 18
1682875461099 58.88000000000001 19
