1690061963234 85.6 0
1690062250384 75.4 1
1690062538638 60.26666666666667 2
1690062827234 48.8 3
1690063118159 46.44 4
1690063408325 43.0 5
1690063699249 37.371428571428574 6
1690063996398 33.025 7
1690064288497 32.15555555555555 8
1690064587184 30.28 9
1690064879944 30.327272727272728 10
1690065173520 27.316666666666666 11
1690065467915 24.892307692307693 12
1690065763421 25.400000000000002 13
1690066058171 22.506666666666668 14
1690066354098 22.225 15
1690066650223 21.141176470588235 16
1690066947030 17.766666666666666 17
1690067244341 16.915789473684214 18
1690067542766 14.530000000000001 19
