1690061963248 85.6 0
1690062250398 87.3 1
1690062538651 85.59999999999998 2
1690062827249 82.60000000000001 3
1690063118174 83.4 4
1690063408339 84.60000000000001 5
1690063699264 83.4 6
1690063996412 82.95 7
1690064288509 83.13333333333334 8
1690064587199 83.22 9
1690064879958 82.21818181818182 10
1690065173534 80.61666666666666 11
1690065467929 80.44615384615385 12
1690065763436 81.52857142857144 13
1690066058185 80.03999999999999 14
1690066354113 79.55000000000001 15
1690066650238 78.41176470588235 16
1690066947058 78.96666666666667 17
1690067244356 79.41052631578945 18
1690067542781 79.02000000000001 19
