1708599693830 81.39999999999999 0
1708600285060 69.0 1
1708600876190 52.400000000000006 2
1708601465355 48.4 3
1708602055209 52.800000000000004 4
1708602648988 43.2 5
1708603240888 39.0 6
1708603834511 33.800000000000004 7
1708604428565 33.2 8
1708605020176 37.6 9
1708605617767 30.4 10
1708606210085 28.199999999999996 11
1708606808128 24.6 12
1708607397636 25.0 13
1708607991349 24.4 14
1708608590276 23.200000000000003 15
1708609192752 22.8 16
1708609782310 20.8 17
1708610374845 21.2 18
1708610970138 19.8 19
