1708599693841 81.39999999999999 0
1708600285083 81.39999999999999 1
1708600876231 71.8 2
1708601465402 71.2 3
1708602055268 78.0 4
1708602649061 71.0 5
1708603240972 71.2 6
1708603834611 67.80000000000001 7
1708604428679 67.60000000000001 8
1708605020307 73.8 9
1708605617912 66.2 10
1708606210246 65.2 11
1708606808314 67.0 12
1708607397833 67.4 13
1708607991566 67.60000000000001 14
1708608590515 67.80000000000001 15
1708609193004 68.4 16
1708609782590 68.2 17
1708610375143 68.2 18
1708610970454 67.2 19
