1708599693819 81.39999999999999 0
1708600285049 80.9 1
1708600876176 71.0 2
1708601465344 71.80000000000001 3
1708602055197 72.84 4
1708602648976 71.36666666666666 5
1708603240875 72.17142857142856 6
1708603834498 70.725 7
1708604428552 70.64444444444443 8
1708605020163 71.96000000000001 9
1708605617754 70.19999999999999 10
1708606210072 69.31666666666666 11
1708606808114 67.56923076923077 12
1708607397622 68.32857142857144 13
1708607991335 68.93333333333334 14
1708608590262 69.1625 15
1708609192737 66.77647058823528 16
1708609782294 67.15555555555555 17
1708610374829 67.01052631578946 18
1708610970122 66.51 19
