1708599693808 81.39999999999999 0
1708600285037 68.2 1
1708600876162 53.46666666666667 2
1708601465331 46.449999999999996 3
1708602055185 43.88 4
1708602648963 39.300000000000004 5
1708603240863 37.31428571428571 6
1708603834486 35.0 7
1708604428539 32.733333333333334 8
1708605020150 31.880000000000003 9
1708605617741 30.218181818181815 10
1708606210058 28.183333333333334 11
1708606808100 25.523076923076925 12
1708607397608 25.528571428571432 13
1708607991320 24.839999999999996 14
1708608590247 23.7125 15
1708609192721 21.070588235294117 16
1708609782278 20.866666666666667 17
1708610374813 20.45263157894737 18
1708610970106 19.38 19
