1689927848143 79.60000000000001 0
1689928159567 81.6 1
1689928480484 79.13333333333333 2
1689928796088 78.0 3
1689929112069 76.0 4
1689929435848 75.8 5
1689929750549 74.94285714285715 6
1689930069669 74.775 7
1689930387088 74.19999999999999 8
1689930708756 72.76 9
1689931034279 69.18181818181819 10
1689931354436 68.64999999999999 11
1689931681879 67.06153846153846 12
1689932008013 66.77142857142857 13
1689932331693 66.90666666666667 14
1689932654741 66.5 15
1689932980969 64.47058823529412 16
1689933306382 62.85555555555555 17
1689933632366 63.78947368421054 18
1689933961105 64.16 19
