1689927848129 79.60000000000001 0
1689928159554 65.4 1
1689928480470 51.26666666666667 2
1689928796077 43.099999999999994 3
1689929112054 35.120000000000005 4
1689929435822 34.0 5
1689929750536 30.17142857142857 6
1689930069658 28.45 7
1689930387075 24.8 8
1689930708731 23.560000000000002 9
1689931034260 20.12727272727273 10
1689931354423 18.433333333333334 11
1689931681864 16.2 12
1689932007999 14.12857142857143 13
1689932331680 16.266666666666666 14
1689932654727 14.512500000000001 15
1689932980955 12.882352941176471 16
1689933306367 11.38888888888889 17
1689933632352 11.45263157894737 18
1689933961090 9.89 19
