1681423297029 83.8 0
1681423457196 72.0 0
1681423635125 55.400000000000006 0
1681423815918 65.2 0
1681423995372 61.199999999999996 0
1681424177156 49.2 0
1681424360075 54.400000000000006 0
1681424551938 58.199999999999996 0
1681424745245 51.800000000000004 0
1681424938155 50.8 0
1681425132440 58.8 0
1681425324853 60.6 0
1681425520131 57.99999999999999 0
1681425714966 56.39999999999999 0
1681425911518 59.599999999999994 0
1681426096642 56.00000000000001 0
1681426282203 49.4 0
1681426467628 48.4 0
1681426654791 46.6 0
1681426842611 42.6 0
