1681423297020 83.8 0
1681423457181 71.0 0
1681423635107 64.73333333333333 0
1681423815895 70.64999999999999 0
1681423995342 69.91999999999999 0
1681424177123 68.33333333333334 0
1681424360034 68.71428571428572 0
1681424551883 70.79999999999998 0
1681424745189 71.9111111111111 0
1681424938095 73.61999999999999 0
1681425132372 73.81818181818181 0
1681425324776 74.88333333333334 0
1681425520044 75.32307692307693 0
1681425714874 74.98571428571428 0
1681425911419 74.65333333333334 0
1681426096531 73.0875 0
1681426282084 73.65882352941176 0
1681426467500 73.66666666666667 0
1681426654650 72.94736842105263 0
1681426842459 72.87 0
