1681423297004 83.8 0
1681423457164 36.0 0
1681423635090 20.6 0
1681423815878 23.8 0
1681423995337 21.720000000000002 0
1681424177106 19.166666666666664 0
1681424360029 17.88571428571429 0
1681424551865 16.975 0
1681424745172 15.511111111111111 0
1681424938089 16.46 0
1681425132355 20.41818181818182 0
1681425324759 22.36666666666667 0
1681425520027 19.43076923076923 0
1681425714856 16.885714285714286 0
1681425911402 14.693333333333333 0
1681426096514 13.8875 0
1681426282077 14.141176470588235 0
1681426467483 12.500000000000002 0
1681426654632 12.463157894736842 0
1681426842451 12.65 0
