1679755893073 62.8 0
1679757123689 65.4 0
1679758308980 68.4 0
1679759493642 67.60000000000001 0
1679760677221 67.0 0
1679761863140 66.2 0
1679763052376 66.60000000000001 0
1679764238730 67.0 0
1679765425219 62.8 0
1679766615002 63.2 0
1679767804275 58.599999999999994 0
1679768993983 60.0 0
1679770185628 59.199999999999996 0
1679771377011 57.99999999999999 0
1679772569354 59.599999999999994 0
1679773761912 57.599999999999994 0
1679774954021 58.599999999999994 0
1679776147912 54.800000000000004 0
1679777323131 52.400000000000006 0
1679778498371 52.6 0
