1679755893049 62.8 0
1679757123659 49.099999999999994 0
1679758308957 52.13333333333333 0
1679759493586 46.75 0
1679760677189 45.72 0
1679761863102 41.733333333333334 0
1679763052322 41.0 0
1679764238671 40.125 0
1679765425166 38.17777777777778 0
1679766614939 35.78 0
1679767804193 33.10909090909091 0
1679768993901 32.13333333333333 0
1679770185533 30.0 0
1679771376915 27.899999999999995 0
1679772569240 27.253333333333334 0
1679773761793 25.35 0
1679774953891 23.905882352941177 0
1679776147761 22.099999999999998 0
1679777322991 20.442105263157895 0
1679778498208 20.22 0
