1679755893065 62.8 0
1679757123676 73.4 0
1679758308962 74.26666666666667 0
1679759493603 73.20000000000002 0
1679760677194 72.55999999999999 0
1679761863107 73.7 0
1679763052339 73.82857142857142 0
1679764238688 73.825 0
1679765425171 72.24444444444444 0
1679766614944 71.92 0
1679767804210 70.76363636363637 0
1679768993907 70.51666666666667 0
1679770185550 69.80000000000001 0
1679771376921 68.47142857142858 0
1679772569258 68.26666666666667 0
1679773761810 67.88749999999999 0
1679774953908 66.17647058823529 0
1679776147781 65.71111111111111 0
1679777322998 64.46315789473685 0
1679778498225 64.44000000000001 0
