1688374774637 91.0 0
1688374896806 47.0 1
1688375032384 47.666666666666664 2
1688375168111 54.8 3
1688375304281 52.6 4
1688375440067 53.53333333333334 5
1688375576086 53.25714285714286 6
1688375711010 54.3 7
1688375844353 53.17777777777778 8
1688375976399 52.5 9
1688376195118 49.63636363636365 10
1688376404091 46.900000000000006 11
1688376589202 44.276923076923076 12
1688376875842 41.857142857142854 13
1688377111363 41.12 14
1688377335461 40.0625 15
1688377527967 37.78823529411765 16
1688377777812 36.72222222222223 17
1688377992944 35.53684210526316 18
1688378123308 34.0 19
