1688374774642 91.0 0
1688374896823 82.5 1
1688375032389 83.73333333333333 2
1688375168128 85.3 3
1688375304298 85.52000000000001 4
1688375440084 87.90000000000002 5
1688375576103 88.71428571428574 6
1688375711027 88.025 7
1688375844370 87.97777777777777 8
1688375976405 87.12 9
1688376195133 86.85454545454546 10
1688376404098 85.84999999999998 11
1688376589220 85.41538461538462 12
1688376875860 85.15714285714287 13
1688377111381 84.93333333333332 14
1688377335468 84.25 15
1688377527985 83.77647058823528 16
1688377777819 84.10000000000001 17
1688377992952 83.01052631578946 18
1688378123326 82.56 19
