1708703630502 78.8 0
1708704561398 81.39999999999999 1
1708705518753 77.60000000000001 2
1708706475793 77.4 3
1708707432716 73.6 4
1708708391397 75.0 5
1708709351685 70.0 6
1708710312322 67.80000000000001 7
1708711276299 65.4 8
1708712232837 65.4 9
1708713189928 64.0 10
1708714150276 62.8 11
1708715110804 56.99999999999999 12
1708716072590 56.2 13
1708717034944 54.800000000000004 14
1708717998064 57.599999999999994 15
1708718962077 58.4 16
1708719927753 51.2 17
1708720894048 54.0 18
1708721859759 55.400000000000006 19
