1708705518739 67.80000000000001 0
1708706475765 43.0 1
1708707432674 26.0 2
1708708391341 19.8 3
1708709351611 14.000000000000002 4
1708710312232 11.0 5
1708711276197 7.3999999999999995 6
1708712232716 6.2 7
1708713189791 5.800000000000001 8
1708714150109 5.4 9
1708715110625 4.3999999999999995 10
1708716072391 3.8 11
1708717034729 3.0 12
1708717997822 3.5999999999999996 13
1708718961816 2.8000000000000003 14
1708719927468 2.6 15
1708720893742 1.4000000000000001 16
1708721859431 1.4000000000000001 17
