1708703630460 78.8 0
1708704561339 69.5 1
1708705518683 59.866666666666674 2
1708706475711 50.2 3
1708707432617 43.36 4
1708708391284 36.86666666666667 5
1708709351552 33.714285714285715 6
1708710312173 30.7 7
1708711276139 25.977777777777778 8
1708712232655 24.340000000000003 9
1708713189728 23.218181818181815 10
1708714150040 19.583333333333336 11
1708715110561 16.692307692307693 12
1708716072325 16.02857142857143 13
1708717034660 16.12 14
1708717997753 15.087499999999999 15
1708718961746 13.200000000000001 16
1708719927394 13.955555555555556 17
1708720893667 12.821052631578945 18
1708721859355 11.139999999999999 19
