1708703630474 78.8 0
1708704561354 80.5 1
1708705518697 76.0 2
1708706475725 75.35 3
1708707432632 72.75999999999999 4
1708708391298 71.33333333333333 5
1708709351567 70.28571428571429 6
1708710312188 68.5 7
1708711276154 67.5111111111111 8
1708712232670 67.4 9
1708713189744 66.90909090909089 10
1708714150057 65.25 11
1708715110577 61.092307692307685 12
1708716072342 61.557142857142864 13
1708717034677 62.013333333333335 14
1708717997771 61.21249999999999 15
1708718961764 60.89411764705883 16
1708719927413 59.63333333333334 17
1708720893687 60.084210526315786 18
1708721859374 59.77 19
