1689918337730 20.200000000000003 0
1689918342946 20.200000000000003 1
1689918348891 20.200000000000003 2
1689918355522 20.200000000000003 3
1689918362974 20.200000000000003 4
1689918371023 20.200000000000003 5
1689918379550 20.200000000000003 6
1689918388821 20.200000000000003 7
1689918398634 20.200000000000003 8
1689918409244 20.200000000000003 9
1689918420676 20.200000000000003 10
1689918432922 20.200000000000003 11
1689918445587 20.200000000000003 12
1689918460327 20.200000000000003 13
1689918473206 20.200000000000003 14
1689918486141 20.200000000000003 15
1689921139842 94.39999999999999 16
