1689918329064 20.200000000000003 0
1689918333039 20.200000000000003 1
1689918337711 20.200000000000003 2
1689918342927 20.200000000000003 3
1689918348871 20.200000000000003 4
1689918355502 20.200000000000003 5
1689918362954 20.200000000000003 6
1689918371003 20.200000000000003 7
1689918379529 20.200000000000003 8
1689918388800 20.200000000000003 9
1689918398613 20.200000000000003 10
1689918409223 20.200000000000003 11
1689918420654 20.200000000000003 12
1689918432900 20.200000000000003 13
1689918445565 20.200000000000003 14
1689918460304 20.200000000000003 15
1689918473183 20.200000000000003 16
1689918486118 20.200000000000003 17
1689921139818 96.39999999999999 18
