1689918325667 20.0 0
1689918329005 20.1 1
1689918332991 19.46666666666667 2
1689918337654 19.650000000000002 3
1689918342849 18.720000000000002 4
1689918348793 18.5 5
1689918355413 18.657142857142855 6
1689918362855 18.800000000000004 7
1689918370892 18.95555555555556 8
1689918379405 19.000000000000004 9
1689918388665 19.145454545454548 10
1689918398466 19.250000000000004 11
1689918409063 19.30769230769231 12
1689918420481 19.357142857142858 13
1689918432677 19.4 14
1689918445365 19.4375 15
1689918460090 19.470588235294116 16
1689918472959 19.5 17
1689918485877 19.526315789473685 18
1689921139553 95.04999999999998 19
