1689918325653 0.4 0
1689918328991 0.2 1
1689918332977 0.13333333333333333 2
1689918337640 0.1 3
1689918342836 0.08 4
1689918348780 0.06666666666666667 5
1689918355399 0.05714285714285715 6
1689918362844 0.05 7
1689918370878 0.044444444444444446 8
1689918379392 0.04 9
1689918388652 0.03636363636363637 10
1689918398453 0.03333333333333333 11
1689918409049 0.03076923076923077 12
1689918420468 0.028571428571428574 13
1689918432662 0.02666666666666667 14
1689918445351 0.15 15
1689918460075 0.1411764705882353 16
1689918472945 0.13333333333333333 17
1689918485862 0.9473684210526315 18
1689921139538 69.08 19
