1708637922573 13.0 0
1708638087891 11.8 1
1708638252928 11.266666666666666 2
1708638418236 10.95 3
1708638584884 10.879999999999999 4
1708638751707 10.733333333333334 5
1708638919065 10.62857142857143 6
1708639090658 10.35 7
1708639261098 10.31111111111111 8
1708639430768 10.26 9
1708639601585 10.272727272727273 10
1708639772297 10.25 11
1708639944184 10.23076923076923 12
1708640116289 10.171428571428573 13
1708640288558 10.146666666666668 14
1708640462178 10.1 15
1708640645097 10.176470588235293 16
1708640836492 10.055555555555555 17
1708641012842 10.052631578947368 18
1708641451920 23.000000000000004 19
