1708637922561 0.0 0
1708638087879 0.0 1
1708638252916 0.0 2
1708638418223 1.0 3
1708638584871 0.8 4
1708638751694 0.6666666666666666 5
1708638919052 0.6857142857142857 6
1708639090642 0.6 7
1708639261084 0.5333333333333333 8
1708639430754 0.48 9
1708639601571 0.49090909090909085 10
1708639772283 0.44999999999999996 11
1708639944168 0.41538461538461535 12
1708640116274 0.3857142857142857 13
1708640288543 0.36 14
1708640462162 0.33749999999999997 15
1708640645082 0.3176470588235294 16
1708640836476 0.3 17
1708641012825 0.7157894736842106 18
1708641451903 2.87 19
