1681750155979 91.0 0
1681750325367 69.6 0
1681750492891 54.800000000000004 0
1681750662961 39.0 0
1681750831378 41.0 0
1681751002128 29.799999999999997 0
1681751172780 27.200000000000003 0
1681751346202 20.200000000000003 0
1681751518737 23.200000000000003 0
1681751691630 25.6 0
1681751865685 13.4 0
1681752040307 17.4 0
1681752214796 14.799999999999999 0
1681752390793 7.6 0
1681752569387 10.2 0
1681752745860 8.200000000000001 0
1681752923767 5.4 0
1681753095679 2.6 0
1681753267189 4.6 0
1681753439908 4.3999999999999995 0
