1681750155959 91.0 0
1681750325349 76.0 0
1681750492876 67.33333333333333 0
1681750662942 58.6 0
1681750831359 51.32000000000001 0
1681751002110 49.43333333333334 0
1681751172762 45.285714285714285 0
1681751346183 42.375 0
1681751518718 40.91111111111112 0
1681751691611 35.879999999999995 0
1681751865665 32.45454545454545 0
1681752040291 31.533333333333335 0
1681752214778 27.676923076923078 0
1681752390773 25.22857142857143 0
1681752569367 25.96 0
1681752745840 22.5625 0
1681752923748 19.470588235294116 0
1681753095660 19.744444444444444 0
1681753267169 18.57894736842105 0
1681753439889 17.009999999999998 0
