1681750155971 91.0 0
1681750325360 86.1 0
1681750492886 85.33333333333333 0
1681750662954 86.75 0
1681750831370 87.04 0
1681751002121 87.83333333333333 0
1681751172773 86.25714285714287 0
1681751346194 86.67500000000001 0
1681751518730 85.86666666666666 0
1681751691623 85.9 0
1681751865677 83.67272727272727 0
1681752040301 81.86666666666666 0
1681752214789 81.47692307692309 0
1681752390785 82.32857142857144 0
1681752569378 80.74666666666667 0
1681752745852 80.05 0
1681752923759 79.9764705882353 0
1681753095671 79.43333333333334 0
1681753267181 79.30526315789474 0
1681753439901 78.54999999999998 0
