1682777701396 83.39999999999999 0
1682778007228 70.39999999999999 1
1682778313034 63.4 2
1682778619105 68.8 3
1682778926377 64.60000000000001 4
1682779233814 60.4 5
1682779541245 60.0 6
1682779850046 51.0 7
1682780160138 55.400000000000006 8
1682780470910 52.400000000000006 9
1682780781738 49.8 10
1682781093646 49.8 11
1682781405682 55.00000000000001 12
1682781719056 56.00000000000001 13
1682782032812 49.2 14
1682782347236 54.6 15
1682782662847 59.0 16
1682782977986 61.199999999999996 17
1682783294609 63.4 18
1682783611464 60.0 19
