1682777701365 83.39999999999999 0
1682778007189 46.3 1
1682778312986 30.266666666666666 2
1682778619046 23.1 3
1682778926310 18.520000000000003 4
1682779233737 14.9 5
1682779541157 13.599999999999998 6
1682779849945 11.95 7
1682780160032 10.177777777777779 8
1682780470793 9.3 9
1682780781609 8.036363636363637 10
1682781093504 7.483333333333333 11
1682781405528 7.046153846153847 12
1682781718891 6.6571428571428575 13
1682782032633 6.5600000000000005 14
1682782347045 5.825 15
1682782662643 5.470588235294118 16
1682782977766 5.2 17
1682783294375 4.894736842105263 18
1682783611216 4.7 19
