1682826702697 85.0 0
1682827008577 72.6 1
1682827314382 65.2 2
1682827622002 65.0 3
1682827929756 65.4 4
1682828237861 63.800000000000004 5
1682828547475 62.2 6
1682828856681 49.8 7
1682829167418 52.6 8
1682829477883 52.800000000000004 9
1682829789761 49.2 10
1682830101725 54.400000000000006 11
1682830414991 56.39999999999999 12
1682830728340 51.2 13
1682831041939 57.99999999999999 14
1682831356142 54.2 15
1682831671471 58.599999999999994 16
1682831987588 58.4 17
1682832304313 63.800000000000004 18
1682832621206 64.4 19
