1682826702680 85.0 0
1682827008550 82.1 1
1682827314347 73.0 2
1682827621958 72.80000000000001 3
1682827929703 70.72 4
1682828237798 66.93333333333334 5
1682828547402 68.25714285714287 6
1682828856598 64.125 7
1682829167324 65.22222222222223 8
1682829477779 60.82000000000001 9
1682829789646 61.25454545454545 10
1682830101599 62.88333333333335 11
1682830414850 60.21538461538462 12
1682830728190 56.60000000000001 13
1682831041777 56.16 14
1682831355964 55.9125 15
1682831671282 60.56470588235294 16
1682831987385 62.655555555555566 17
1682832304097 63.07368421052633 18
1682832620975 64.75999999999999 19
