1682796058005 81.6 0
1682796363723 70.19999999999999 1
1682796670550 65.4 2
1682796977299 61.8 3
1682797284866 59.0 4
1682797593395 62.0 5
1682797901525 61.6 6
1682798211170 42.199999999999996 7
1682798521956 55.400000000000006 8
1682798833013 54.800000000000004 9
1682799144873 43.0 10
1682799456972 52.0 11
1682799769379 47.199999999999996 12
1682800081961 49.2 13
1682800395784 50.8 14
1682800710951 46.0 15
1682801026778 53.800000000000004 16
1682801342709 40.6 17
1682801659223 45.0 18
1682801976929 51.0 19
