1682796057986 81.6 0
1682796363697 79.9 1
1682796670515 70.13333333333334 2
1682796977254 66.45 3
1682797284812 63.0 4
1682797593332 64.53333333333335 5
1682797901452 64.4857142857143 6
1682798211087 57.525000000000006 7
1682798521862 61.333333333333336 8
1682798832907 56.500000000000014 9
1682799144756 51.78181818181818 10
1682799456844 53.550000000000004 11
1682799769240 49.50769230769231 12
1682800081807 53.1 13
1682800395619 49.15999999999999 14
1682800710775 43.2375 15
1682801026587 48.02352941176471 16
1682801342502 47.022222222222226 17
1682801659004 48.38947368421052 18
1682801976695 53.44 19
