1682796057973 81.6 0
1682796363684 47.00000000000001 1
1682796670502 28.0 2
1682796977241 22.750000000000004 3
1682797284800 17.0 4
1682797593319 14.266666666666666 5
1682797901438 13.4 6
1682798211073 11.875000000000002 7
1682798521848 10.244444444444445 8
1682798832895 9.1 9
1682799144742 7.818181818181818 10
1682799456830 7.2 11
1682799769227 6.723076923076923 12
1682800081794 6.514285714285714 13
1682800395605 6.373333333333333 14
1682800710762 5.3374999999999995 15
1682801026574 5.423529411764706 16
1682801342489 5.011111111111111 17
1682801658990 4.778947368421052 18
1682801976681 4.5600000000000005 19
