1681834953870 83.0 0
1681835284354 55.800000000000004 0
1681835617127 51.4 0
1681835951797 36.6 0
1681836283310 43.6 0
1681836604410 32.800000000000004 0
1681836922552 31.0 0
1681837240516 34.599999999999994 0
1681837560651 28.000000000000004 0
1681837881186 26.400000000000002 0
1681838200392 28.599999999999998 0
1681838521893 21.2 0
1681838843849 28.799999999999997 0
1681839166090 21.8 0
1681839488382 25.2 0
1681839812815 23.799999999999997 0
1681840136865 21.8 0
1681840462430 14.399999999999999 0
