1681834293208 85.8 0
1681834623392 83.39999999999999 0
1681834953875 80.4 0
1681835284363 77.2 0
1681835617142 77.2 0
1681835951818 78.0 0
1681836283337 79.4 0
1681836604443 75.4 0
1681836922592 74.0 0
1681837240561 74.4 0
1681837560704 73.0 0
1681837881246 73.8 0
1681838200460 74.2 0
1681838521968 70.39999999999999 0
1681838843932 70.39999999999999 0
1681839166182 69.39999999999999 0
1681839488484 69.19999999999999 0
1681839812927 70.19999999999999 0
1681840136987 66.8 0
1681840462564 67.80000000000001 0
