1681834293195 85.8 0
1681834623373 87.69999999999999 0
1681834953851 86.86666666666667 0
1681835284338 86.15 0
1681835617110 84.96000000000001 0
1681835951778 85.33333333333333 0
1681836283292 85.02857142857142 0
1681836604392 84.775 0
1681836922534 82.24444444444445 0
1681837240498 82.56 0
1681837560632 81.54545454545455 0
1681837881166 82.01666666666667 0
1681838200373 81.2923076923077 0
1681838521872 81.60000000000001 0
1681838843829 82.77333333333333 0
1681839166069 82.38749999999999 0
1681839488360 81.98823529411766 0
1681839812789 80.81111111111112 0
1681840136843 79.74736842105263 0
1681840462407 79.62999999999998 0
