1689852584804 23.400000000000002 0
1689852587559 23.400000000000002 1
1689852590876 23.400000000000002 2
1689852594628 23.400000000000002 3
1689852598929 23.400000000000002 4
1689852603668 23.400000000000002 5
1689852608979 23.400000000000002 6
1689852614853 23.400000000000002 7
1689852621196 23.400000000000002 8
1689852627958 23.400000000000002 9
1689852635555 23.400000000000002 10
1689852643562 23.400000000000002 11
1689852652019 23.400000000000002 12
1689852661151 23.400000000000002 13
1689852673232 23.400000000000002 14
1689852685203 23.400000000000002 15
1689852697935 23.400000000000002 16
1689852711259 23.400000000000002 17
1689852725444 23.400000000000002 18
1689855382700 87.8 19
