1689852584786 23.400000000000002 0
1689852587533 24.700000000000003 1
1689852590841 23.066666666666666 2
1689852594583 22.65 3
1689852598874 21.96 4
1689852603604 21.633333333333336 5
1689852608905 21.400000000000002 6
1689852614770 21.225 7
1689852621102 21.08888888888889 8
1689852627853 20.98 9
1689852635435 20.89090909090909 10
1689852643432 21.733333333333334 11
1689852651875 21.6 12
1689852660993 21.485714285714288 13
1689852673061 21.386666666666667 14
1689852685019 21.35 15
1689852697737 21.27058823529412 16
1689852711046 21.244444444444447 17
1689852725215 21.189473684210526 18
1689855382456 92.75 19
