1689883988705 23.400000000000002 0
1689883992061 23.400000000000002 1
1689883995921 23.400000000000002 2
1689884000532 23.400000000000002 3
1689884005725 23.400000000000002 4
1689884011636 23.400000000000002 5
1689884018134 23.400000000000002 6
1689884025264 23.400000000000002 7
1689884033294 23.400000000000002 8
1689884041856 23.400000000000002 9
1689884051094 23.400000000000002 10
1689884060907 23.400000000000002 11
1689884071523 23.400000000000002 12
1689884082593 23.400000000000002 13
1689884094404 23.400000000000002 14
1689884107008 23.400000000000002 15
1689884120352 23.400000000000002 16
1689884134427 23.400000000000002 17
1689884149254 23.400000000000002 18
1689886799287 89.8 19
