1689883988686 23.400000000000002 0
1689883992034 24.700000000000003 1
1689883995885 23.066666666666666 2
1689884000485 22.65 3
1689884005668 21.96 4
1689884011569 21.633333333333336 5
1689884018057 21.400000000000002 6
1689884025176 21.225 7
1689884033196 21.08888888888889 8
1689884041747 20.98 9
1689884050973 20.89090909090909 10
1689884060772 21.733333333333334 11
1689884071377 21.6 12
1689884082434 21.485714285714288 13
1689884094232 21.386666666666667 14
1689884106824 21.35 15
1689884120153 21.27058823529412 16
1689884134214 21.244444444444447 17
1689884149028 21.189473684210526 18
1689886799001 93.75999999999998 19
