1681870141742 81.39999999999999 0
1681871131965 87.30000000000001 0
1681872176449 87.0 0
1681873254814 87.9 0
1681874243843 89.4 0
1681875230576 89.3 0
1681876213012 89.82857142857144 0
1681877197012 90.025 0
1681878178934 90.24444444444444 0
1681879160812 90.42 0
1681880145337 90.32727272727271 0
1681881132313 91.48333333333333 0
1681882113487 90.8923076923077 0
1681883088101 90.8714285714286 0
1681884034340 91.24000000000001 0
1681884979927 90.8875 0
1681885921671 91.29411764705883 0
1681886907267 90.75555555555555 0
1681887938379 90.62105263157895 0
1681888274650 90.61 0
