1681870141731 81.39999999999999 0
1681871131953 72.1 0
1681872176437 68.53333333333335 0
1681873254802 64.75 0
1681874243831 60.55999999999999 0
1681875230565 57.33333333333332 0
1681876213002 56.91428571428572 0
1681877197001 52.95 0
1681878178923 52.666666666666664 0
1681879160800 51.48 0
1681880145325 50.654545454545456 0
1681881132301 49.96666666666667 0
1681882113477 49.400000000000006 0
1681883088089 47.98571428571429 0
1681884034328 46.72 0
1681884979916 44.9375 0
1681885921659 44.141176470588235 0
1681886907256 42.17777777777778 0
1681887938368 41.0421052631579 0
1681888274638 40.510000000000005 0
