1682688684722 87.0 0
1682688929029 68.4 0
1682689174041 56.26666666666667 0
1682689419716 59.7 0
1682689666583 58.0 0
1682689913435 48.56666666666666 0
1682690161065 46.08571428571429 0
1682690408248 48.0 0
1682690657455 47.8 0
1682690906996 43.339999999999996 0
1682691157496 43.90909090909091 0
1682691407975 39.13333333333333 0
1682691659326 41.55384615384616 0
1682691911627 42.371428571428574 0
1682692164865 36.30666666666666 0
1682692418363 35.175 0
1682692672161 32.1764705882353 0
1682692927311 31.15555555555556 0
1682693182540 31.54736842105263 0
1682693438652 34.37 0
