1682688684709 87.0 0
1682688929015 44.7 0
1682689174028 29.133333333333336 0
1682689419703 23.05 0
1682689666569 17.36 0
1682689913422 14.733333333333334 0
1682690161052 13.171428571428573 0
1682690408233 11.625 0
1682690657442 10.2 0
1682690906984 9.16 0
1682691157484 7.7272727272727275 0
1682691407962 7.416666666666667 0
1682691659312 6.661538461538461 0
1682691911613 6.457142857142857 0
1682692164851 6.346666666666666 0
1682692418350 5.425 0
1682692672147 5.2 0
1682692927297 5.111111111111111 0
1682693182527 4.663157894736842 0
1682693438637 4.5200000000000005 0
