1708785215792 0.0 0
1708785225119 0.0 1
1708785235317 0.0 2
1708785246263 1.0 3
1708785257948 0.8 4
1708785270458 0.6666666666666666 5
1708785283594 0.6857142857142857 6
1708785297601 0.6 7
1708785312325 0.5333333333333333 8
1708785327678 0.48 9
1708785343861 0.49090909090909085 10
1708785360942 0.44999999999999996 11
1708785378907 0.41538461538461535 12
1708785397442 0.3857142857142857 13
1708785416887 0.36 14
1708785437029 0.33749999999999997 15
1708785457927 0.3176470588235294 16
1708785480539 0.3 17
1708785506234 0.7157894736842106 18
1708795384516 58.120000000000005 19
