1708785215806 13.0 0
1708785225134 11.8 1
1708785235331 11.266666666666666 2
1708785246277 10.95 3
1708785257962 10.879999999999999 4
1708785270473 10.733333333333334 5
1708785283609 10.62857142857143 6
1708785297616 10.35 7
1708785312341 10.31111111111111 8
1708785327695 10.26 9
1708785343878 10.272727272727273 10
1708785360957 10.25 11
1708785378924 10.23076923076923 12
1708785397458 10.171428571428573 13
1708785416904 10.146666666666668 14
1708785437046 10.1 15
1708785457944 10.176470588235293 16
1708785480557 10.055555555555555 17
1708785506252 10.052631578947368 18
1708795384535 87.00999999999999 19
