1680201040619 84.39999999999999 0
1680201218850 67.80000000000001 0
1680201400130 55.00000000000001 0
1680201584080 51.2 0
1680201776259 46.2 0
1680201967548 45.4 0
1680202156770 45.0 0
1680202346649 39.0 0
1680202542436 42.0 0
1680202736382 38.6 0
1680202932270 36.8 0
1680203115739 39.2 0
1680203301341 34.2 0
1680203485783 30.599999999999998 0
1680203771190 27.400000000000002 0
1680204106448 27.6 0
1680204306096 23.599999999999998 0
1680204490424 26.200000000000003 0
1680204674338 27.0 0
1680204857934 26.6 0
