1680201040623 84.39999999999999 0
1680201218859 72.39999999999999 0
1680201400144 74.0 0
1680201584102 70.39999999999999 0
1680201776282 67.60000000000001 0
1680201967576 66.2 0
1680202156805 65.2 0
1680202346690 66.60000000000001 0
1680202542482 67.80000000000001 0
1680202736435 69.39999999999999 0
1680202932330 69.0 0
1680203115806 68.60000000000001 0
1680203301416 69.19999999999999 0
1680203485866 67.2 0
1680203771286 64.60000000000001 0
1680204106551 61.199999999999996 0
1680204306219 62.6 0
1680204490549 64.0 0
1680204674474 63.6 0
1680204858074 65.2 0
