1680201040615 84.39999999999999 0
1680201218845 81.6 0
1680201400126 82.46666666666665 0
1680201584075 81.6 0
1680201776255 82.56000000000002 0
1680201967543 82.33333333333333 0
1680202156765 81.4857142857143 0
1680202346644 81.17500000000001 0
1680202542431 80.84444444444445 0
1680202736377 80.96 0
1680202932265 80.43636363636364 0
1680203115733 80.31666666666666 0
1680203301336 79.61538461538461 0
1680203485777 78.81428571428572 0
1680203771184 77.74666666666666 0
1680204106442 75.85 0
1680204306089 77.34117647058824 0
1680204490418 76.07777777777775 0
1680204674331 76.83157894736841 0
1680204857927 76.73 0
