1680201040599 84.39999999999999 0
1680201218828 73.0 0
1680201400109 64.33333333333333 0
1680201584058 58.599999999999994 0
1680201776243 55.56 0
1680201967526 51.5 0
1680202156748 47.85714285714287 0
1680202346627 46.375 0
1680202542414 43.51111111111111 0
1680202736360 41.599999999999994 0
1680202932247 39.945454545454545 0
1680203115716 39.300000000000004 0
1680203301318 37.90769230769231 0
1680203485771 37.457142857142856 0
1680203771166 35.0 0
1680204106424 32.4 0
1680204306072 33.811764705882354 0
1680204490400 31.877777777777776 0
1680204674324 31.442105263157895 0
1680204857909 30.419999999999998 0
