1682624901087 88.8 0
1682625712959 86.6 0
1682626541511 87.0 0
1682627369620 79.60000000000001 0
1682628198010 76.6 0
1682629023800 69.6 0
1682629847301 64.4 0
1682630668560 62.0 0
1682631486356 53.6 0
1682632299818 48.4 0
1682633126786 43.4 0
1682633933372 39.6 0
1682634735188 38.4 0
1682635537275 33.800000000000004 0
1682636333197 31.6 0
1682637125594 29.599999999999998 0
1682637915139 28.599999999999998 0
1682638700783 23.200000000000003 0
1682639482501 20.599999999999998 0
1682639763542 19.2 0
