1682624901082 88.8 0
1682625712953 80.9 0
1682626541506 84.60000000000001 0
1682627369614 86.65 0
1682628198003 88.04 0
1682629023794 90.13333333333333 0
1682629847294 91.0 0
1682630668553 91.1 0
1682631486350 91.02222222222223 0
1682632299811 90.62000000000002 0
1682633126779 90.14545454545454 0
1682633933365 89.45 0
1682634735181 89.27692307692307 0
1682635537267 89.48571428571428 0
1682636333189 89.16 0
1682637125586 88.975 0
1682637915131 88.45882352941176 0
1682638700775 88.42222222222222 0
1682639482493 87.96842105263158 0
1682639763533 88.52000000000001 0
