1682624901065 88.8 0
1682625712936 49.5 0
1682626541489 51.93333333333333 0
1682627369597 53.050000000000004 0
1682628197997 53.160000000000004 0
1682629023777 53.4 0
1682629847287 54.48571428571428 0
1682630668535 55.625 0
1682631486335 53.022222222222226 0
1682632299794 51.70000000000001 0
1682633126761 51.036363636363646 0
1682633933358 48.599999999999994 0
1682634735174 47.24615384615385 0
1682635537249 44.85714285714285 0
1682636333182 43.720000000000006 0
1682637125578 42.9 0
1682637915113 41.1764705882353 0
1682638700757 39.85555555555556 0
1682639482475 38.22105263157894 0
1682639763514 37.05 0
