1689973256126 82.8 0
1689973571876 77.60000000000001 1
1689973894008 74.0 2
1689974212805 75.6 3
1689974533267 73.4 4
1689974852600 70.0 5
1689975172779 72.6 6
1689975491648 66.60000000000001 7
1689975815834 68.4 8
1689976139041 63.4 9
1689976470322 61.4 10
1689976792438 61.8 11
1689977122784 60.0 12
1689977447514 56.599999999999994 13
1689977773754 55.60000000000001 14
1689978098680 53.6 15
1689978427236 55.00000000000001 16
1689978754090 57.599999999999994 17
1689979084887 51.4 18
1689979412112 53.6 19
