1689973256104 82.8 0
1689973571847 83.0 1
1689973893969 81.39999999999999 2
1689974212755 81.9 3
1689974533191 79.12 4
1689974852529 76.56666666666666 5
1689975172699 77.91428571428571 6
1689975491555 75.375 7
1689975815729 76.02222222222221 8
1689976138924 75.46000000000001 9
1689976470191 73.05454545454546 10
1689976792288 71.68333333333332 11
1689977122630 70.89230769230768 12
1689977447347 69.34285714285714 13
1689977773573 68.66666666666667 14
1689978098484 67.8625 15
1689978427026 67.60000000000001 16
1689978753863 67.05555555555556 17
1689979084646 66.33684210526316 18
1689979411854 67.36 19
