1689973256090 82.8 0
1689973571834 66.0 1
1689973893955 53.199999999999996 2
1689974212744 45.05 3
1689974533176 38.44 4
1689974852519 34.300000000000004 5
1689975172686 32.42857142857144 6
1689975491540 31.075 7
1689975815716 26.37777777777778 8
1689976138911 26.28 9
1689976470177 22.072727272727274 10
1689976792265 20.183333333333334 11
1689977122616 18.538461538461537 12
1689977447336 15.671428571428569 13
1689977773560 16.773333333333333 14
1689978098470 16.0625 15
1689978427012 13.91764705882353 16
1689978753851 12.922222222222224 17
1689979084631 12.442105263157895 18
1689979411841 10.95 19
