1680626940193 84.8 0
1680627102171 75.5 0
1680627261533 66.26666666666667 0
1680627423839 57.45 0
1680627584771 58.040000000000006 0
1680627746440 53.4 0
1680627909684 49.0 0
1680628071622 47.925 0
1680628235135 46.08888888888888 0
1680628398342 42.959999999999994 0
1680628561397 42.36363636363637 0
1680628724576 40.38333333333333 0
1680628888102 40.03076923076923 0
1680629051364 38.15714285714285 0
1680629215836 35.18666666666666 0
1680629380652 34.037499999999994 0
1680629546528 33.01176470588236 0
1680629712190 32.41111111111111 0
1680629878689 31.75789473684211 0
1680630045285 30.21 0
