1680626940209 84.8 0
1680627102187 85.0 0
1680627261549 84.60000000000001 0
1680627423855 82.25 0
1680627584788 83.4 0
1680627746457 82.3 0
1680627909701 82.17142857142858 0
1680628071640 82.72500000000001 0
1680628235152 82.42222222222222 0
1680628398359 82.26 0
1680628561403 82.67272727272729 0
1680628724593 83.01666666666667 0
1680628888119 82.35384615384615 0
1680629051381 81.64285714285712 0
1680629215853 80.66666666666669 0
1680629380669 79.5625 0
1680629546548 81.0 0
1680629712198 79.8777777777778 0
1680629878707 80.27368421052631 0
1680630045303 80.03999999999999 0
