1689864650836 86.4 0
1689864793553 79.30000000000001 1
1689864935368 63.13333333333333 2
1689865079007 61.05 3
1689865221927 55.32000000000001 4
1689865365454 56.666666666666664 5
1689865509024 54.4 6
1689865654186 51.375 7
1689865799894 49.13333333333333 8
1689865944401 42.88 9
1689866091193 44.92727272727273 10
1689866236999 44.849999999999994 11
1689866385227 40.53846153846155 12
1689866533420 39.228571428571435 13
1689866682336 42.04 14
1689866835349 40.825 15
1689866993771 39.67058823529411 16
1689867143437 41.411111111111104 17
1689867294414 43.68421052631579 18
1689867446410 44.93 19
