1689864650823 86.4 0
1689864793541 45.800000000000004 1
1689864935357 30.46666666666667 2
1689865078993 23.5 3
1689865221913 18.240000000000002 4
1689865365440 15.0 5
1689865509004 13.714285714285714 6
1689865654176 11.924999999999999 7
1689865799880 10.222222222222221 8
1689865944387 9.32 9
1689866091179 8.072727272727272 10
1689866236984 7.366666666666667 11
1689866385214 7.015384615384615 12
1689866533405 6.671428571428572 13
1689866682324 6.48 14
1689866835335 5.75 15
1689866993760 5.517647058823529 16
1689867143422 5.266666666666667 17
1689867294403 4.768421052631579 18
1689867446396 4.7 19
