1680671814615 83.2 0
1680672067963 66.0 0
1680672317547 61.73333333333333 0
1680672571446 53.5 0
1680672826176 53.36 0
1680673082612 54.03333333333333 0
1680673338024 47.6 0
1680673587592 44.575 0
1680673842753 42.93333333333333 0
1680674097130 40.38 0
1680674348941 40.32727272727273 0
1680674603089 39.6 0
1680674858856 37.87692307692308 0
1680675114358 37.185714285714276 0
1680675370556 35.70666666666667 0
1680675626466 34.2375 0
1680675883694 32.90588235294118 0
1680676141361 32.23333333333333 0
1680676398566 32.07368421052632 0
1680676654630 31.23 0
