1680671814632 83.2 0
1680672067980 81.8 0
1680672317564 81.46666666666665 0
1680672571451 79.85 0
1680672826192 83.6 0
1680673082629 83.06666666666666 0
1680673338041 82.42857142857143 0
1680673587597 81.95 0
1680673842770 82.26666666666668 0
1680674097149 80.64 0
1680674348958 81.27272727272727 0
1680674603106 81.96666666666667 0
1680674858873 81.56923076923076 0
1680675114370 81.21428571428571 0
1680675370573 80.18666666666668 0
1680675626472 79.1125 0
1680675883711 79.02352941176471 0
1680676141379 78.43333333333334 0
1680676398584 78.67368421052632 0
1680676654637 79.08 0
