1681753921732 77.60000000000001 0
1681754219760 66.60000000000001 0
1681754520158 58.599999999999994 0
1681754820000 56.39999999999999 0
1681755120656 52.800000000000004 0
1681755421017 51.0 0
1681755721167 42.6 0
1681756021351 37.4 0
1681756328747 30.2 0
1681756636748 27.200000000000003 0
1681756943600 22.2 0
1681757250589 11.600000000000001 0
1681757560122 10.0 0
1681757872357 7.6 0
1681758180596 7.199999999999999 0
1681758497913 6.6000000000000005 0
1681758815522 7.8 0
1681759128493 9.8 0
1681759440779 7.6 0
