1681753620584 90.8 0
1681753921727 83.8 0
1681754219754 77.60000000000001 0
1681754520153 67.60000000000001 0
1681754819994 66.2 0
1681755120650 57.599999999999994 0
1681755421009 55.2 0
1681755721159 53.2 0
1681756021344 50.0 0
1681756328741 47.4 0
1681756636742 41.0 0
1681756943592 41.4 0
1681757250583 38.0 0
1681757560116 27.200000000000003 0
1681757872350 29.599999999999998 0
1681758180589 30.599999999999998 0
1681758497906 28.199999999999996 0
1681758815515 24.6 0
1681759128486 29.599999999999998 0
1681759440772 27.400000000000002 0
