1681753620576 90.8 0
1681753921719 87.4 0
1681754219747 88.86666666666667 0
1681754520148 90.60000000000001 0
1681754819987 91.03999999999999 0
1681755120642 91.73333333333333 0
1681755420997 91.91428571428571 0
1681755721148 92.05 0
1681756021337 92.3777777777778 0
1681756328734 92.14 0
1681756636734 89.2 0
1681756943581 88.64999999999999 0
1681757250575 88.4 0
1681757560109 88.61428571428573 0
1681757872343 88.57333333333334 0
1681758180582 87.19999999999999 0
1681758497898 86.57647058823531 0
1681758815506 86.26666666666665 0
1681759128478 85.74736842105263 0
1681759440763 86.00999999999998 0
