1681753620564 90.8 0
1681753921707 80.7 0
1681754219735 77.26666666666667 0
1681754520141 72.0 0
1681754819976 68.16 0
1681755120630 67.16666666666667 0
1681755420978 64.25714285714285 0
1681755721127 60.5 0
1681756021326 55.86666666666667 0
1681756328722 51.52 0
1681756636723 46.29090909090908 0
1681756943563 42.699999999999996 0
1681757250563 36.81538461538461 0
1681757560099 32.60000000000001 0
1681757872332 31.906666666666663 0
1681758180570 29.500000000000004 0
1681758497886 27.623529411764707 0
1681758815494 25.988888888888894 0
1681759128467 25.842105263157894 0
1681759440751 24.36 0
