1688497756597 20.0 0
1688498618019 76.0 1
1688499449089 77.0 2
1688500242067 76.8 3
1688501035667 75.8 4
1688501829785 71.0 5
1688502624006 63.800000000000004 6
1688503419500 57.599999999999994 7
1688504215680 54.2 8
1688505012444 50.8 9
1688505809497 45.800000000000004 10
1688506607829 44.800000000000004 11
1688507405808 39.4 12
1688508204700 39.2 13
1688509004089 36.6 14
1688509804165 33.0 15
1688510604487 35.199999999999996 16
1688511405370 30.2 17
1688512206865 25.6 18
1688513008919 19.0 19
