1688497756592 20.0 0
1688498618014 52.0 1
1688499449084 75.73333333333333 2
1688500242062 80.7 3
1688501035662 82.0 4
1688501829780 83.7 5
1688502624001 83.42857142857143 6
1688503419495 84.975 7
1688504215675 85.26666666666667 8
1688505012438 84.91999999999999 9
1688505809491 83.61818181818182 10
1688506607823 82.80000000000001 11
1688507405802 82.53846153846153 12
1688508204694 82.98571428571428 13
1688509004083 83.17333333333335 14
1688509804158 82.30000000000001 15
1688510604480 81.91764705882353 16
1688511405363 81.67777777777778 17
1688512206857 81.2 18
1688513008909 81.50999999999999 19
