1688497756576 20.0 0
1688498617998 38.0 1
1688499449067 29.466666666666665 2
1688500242045 44.55 3
1688501035657 47.2 4
1688501829763 50.43333333333333 5
1688502623984 49.857142857142854 6
1688503419478 49.2 7
1688504215657 48.91111111111112 8
1688505012421 48.599999999999994 9
1688505809473 44.54545454545455 10
1688506607806 43.43333333333333 11
1688507405785 41.72307692307693 12
1688508204677 39.48571428571428 13
1688509004076 39.0 14
1688509804141 37.475 15
1688510604473 35.61176470588236 16
1688511405345 34.84444444444445 17
1688512206839 31.98947368421053 18
1688513008898 30.679999999999996 19
