1708676942747 70.19999999999999 0
1708677552344 34.4 1
1708678189671 13.8 2
1708678832427 8.200000000000001 3
1708679477880 4.3999999999999995 4
1708680124487 3.4000000000000004 5
1708680771071 2.0 6
1708681418607 1.6 7
1708682073262 1.4000000000000001 8
1708682740457 1.0 9
1708683395115 0.6 10
1708684052217 0.8 11
1708684709778 2.1999999999999997 12
1708685370927 0.8 13
1708686030244 1.0 14
1708686692555 1.0 15
1708687358200 0.8 16
1708688023243 0.8 17
1708688689894 0.6 18
1708689362745 1.4000000000000001 19
