1708677552359 75.4 0
1708678189691 74.8 1
1708678832451 72.2 2
1708679477910 70.39999999999999 3
1708680124521 69.8 4
1708680771111 66.0 5
1708681418652 66.2 6
1708682073315 64.60000000000001 7
1708682740517 63.0 8
1708683395182 58.199999999999996 9
1708684052291 57.99999999999999 10
1708684709860 58.599999999999994 11
1708685371017 56.99999999999999 12
1708686030343 53.6 13
1708686692662 53.6 14
1708687358319 51.2 15
1708688023369 46.800000000000004 16
1708688690033 46.800000000000004 17
1708689362892 43.8 18
