1708676942727 70.19999999999999 0
1708677552325 52.7 1
1708678189653 38.2 2
1708678832408 33.45 3
1708679477859 28.76 4
1708680124468 25.433333333333337 5
1708680771053 19.74285714285714 6
1708681418588 18.5 7
1708682073244 17.355555555555554 8
1708682740438 15.180000000000001 9
1708683395097 15.036363636363639 10
1708684052198 13.333333333333334 11
1708684709759 13.76923076923077 12
1708685370907 11.799999999999999 13
1708686030219 12.533333333333333 14
1708686692535 10.912500000000001 15
1708687358182 9.341176470588236 16
1708688023223 9.466666666666669 17
1708688689875 9.56842105263158 18
1708689362725 7.94 19
