1708676942740 70.19999999999999 0
1708677552337 75.9 1
1708678189664 75.2 2
1708678832420 75.9 3
1708679477872 75.0 4
1708680124479 75.3 5
1708680771064 74.0 6
1708681418599 73.44999999999999 7
1708682073255 74.08888888888889 8
1708682740449 73.32000000000001 9
1708683395108 72.83636363636364 10
1708684052210 71.7 11
1708684709770 71.93846153846154 12
1708685370919 71.15714285714286 13
1708686030235 69.57333333333334 14
1708686692547 69.63749999999999 15
1708687358193 68.98823529411764 16
1708688023235 67.55555555555556 17
1708688689886 67.41052631578945 18
1708689362737 65.46000000000001 19
