1681823019983 78.2 0
1681823194341 86.2 0
1681823368685 85.93333333333332 0
1681823544361 84.55000000000001 0
1681823721017 86.24 0
1681823899292 85.89999999999999 0
1681824077051 87.11428571428571 0
1681824254822 86.025 0
1681824431593 85.80000000000001 0
1681824611422 85.53999999999999 0
1681824794364 85.58181818181819 0
1681824975082 85.31666666666668 0
1681825156525 85.07692307692308 0
1681825339356 85.5 0
1681825522647 85.42666666666668 0
1681825705279 85.75 0
1681825889833 85.2235294117647 0
1681826072860 85.28888888888889 0
1681826257581 84.82105263157894 0
1681826442088 85.01999999999998 0
