1681823019972 78.2 0
1681823194330 74.6 0
1681823368674 66.93333333333334 0
1681823544350 61.55 0
1681823721003 59.08 0
1681823899282 54.93333333333334 0
1681824077040 51.800000000000004 0
1681824254810 47.625 0
1681824431582 46.333333333333336 0
1681824611412 44.379999999999995 0
1681824794353 42.054545454545455 0
1681824975071 41.86666666666667 0
1681825156514 40.21538461538462 0
1681825339345 38.54285714285714 0
1681825522636 36.64 0
1681825705267 37.15 0
1681825889822 34.78823529411765 0
1681826072850 33.53333333333333 0
1681826257570 31.526315789473685 0
1681826442075 30.85 0
