1689986190606 85.2 0
1689986501572 69.7 1
1689986815309 59.73333333333333 2
1689987133931 51.85 3
1689987449207 43.4 4
1689987762692 42.56666666666666 5
1689988081619 38.114285714285714 6
1689988396248 36.125 7
1689988716775 31.599999999999998 8
1689989036068 30.359999999999996 9
1689989363258 28.036363636363635 10
1689989682442 22.75 11
1689990001638 23.49230769230769 12
1689990323726 20.24285714285714 13
1689990644207 23.30666666666667 14
1689990963873 21.9125 15
1689991286488 19.71764705882353 16
1689991609183 16.900000000000002 17
1689991929686 16.936842105263157 18
1689992255236 14.989999999999998 19
