1689986190619 85.2 0
1689986501583 87.6 1
1689986815321 87.0 2
1689987133943 87.5 3
1689987449219 84.64000000000001 4
1689987762705 83.43333333333332 5
1689988081631 83.0 6
1689988396261 83.675 7
1689988716789 82.26666666666668 8
1689989036082 83.0 9
1689989363272 81.03636363636363 10
1689989682454 78.95 11
1689990001651 79.83076923076922 12
1689990323738 77.11428571428573 13
1689990644221 78.57333333333334 14
1689990963885 78.4 15
1689991286503 77.81176470588235 16
1689991609198 77.36666666666667 17
1689991929701 77.26315789473684 18
1689992255251 78.35 19
