1681557764058 78.8 0
1681557900572 77.60000000000001 0
1681558038156 74.4 0
1681558176465 65.4 0
1681558314904 62.2 0
1681558453665 58.599999999999994 0
1681558592777 52.2 0
1681558732704 47.599999999999994 0
1681558873615 45.4 0
1681559014642 39.0 0
1681559155851 39.6 0
1681559297006 36.0 0
1681559438419 30.8 0
1681559580724 28.000000000000004 0
1681559723565 27.800000000000004 0
1681559867611 24.4 0
1681560012110 23.200000000000003 0
1681560156230 21.8 0
1681560300396 21.6 0
1681560445279 21.4 0
