1680035927919 37.6 0
1680036109141 59.199999999999996 0
1680036290857 58.199999999999996 0
1680036473701 60.199999999999996 0
1680036653985 61.8 0
1680036835426 60.8 0
1680037019410 59.599999999999994 0
1680037201843 58.599999999999994 0
1680037386023 57.599999999999994 0
1680037568846 57.199999999999996 0
1680037750927 53.800000000000004 0
1680037936339 53.800000000000004 0
1680038123100 53.0 0
1680038306378 52.800000000000004 0
1680038492675 54.800000000000004 0
1680038680926 52.800000000000004 0
1680038868756 54.2 0
1680039054676 53.0 0
1680039241608 47.599999999999994 0
