1680035749454 77.2 0
1680035927915 59.8 0
1680036109137 55.800000000000004 0
1680036290853 48.6 0
1680036473697 52.400000000000006 0
1680036653981 48.4 0
1680036835417 46.400000000000006 0
1680037019405 47.599999999999994 0
1680037201838 46.800000000000004 0
1680037386018 48.0 0
1680037568840 43.4 0
1680037750922 41.0 0
1680037936333 45.6 0
1680038123094 39.0 0
1680038306372 40.2 0
1680038492668 38.0 0
1680038680920 33.0 0
1680038868749 36.199999999999996 0
1680039054669 33.6 0
1680039241601 34.2 0
