1680035749433 77.2 0
1680035927905 48.7 0
1680036109116 48.800000000000004 0
1680036290832 49.349999999999994 0
1680036473676 45.239999999999995 0
1680036653959 41.13333333333333 0
1680036835391 36.800000000000004 0
1680037019383 37.3 0
1680037201827 36.62222222222223 0
1680037385996 36.08 0
1680037568817 33.89090909090908 0
1680037750910 35.13333333333333 0
1680037936310 32.61538461538461 0
1680038123082 33.628571428571426 0
1680038306348 32.88 0
1680038492645 31.7875 0
1680038680896 30.823529411764707 0
1680038868736 30.099999999999998 0
1680039054645 30.231578947368426 0
1680039241576 29.529999999999994 0
