1680035749450 77.2 0
1680035927910 72.5 0
1680036109133 72.46666666666667 0
1680036290848 74.89999999999999 0
1680036473693 79.91999999999999 0
1680036653976 80.5 0
1680036835409 81.45714285714284 0
1680037019400 81.85 0
1680037201832 80.77777777777777 0
1680037386013 82.62 0
1680037568834 80.4909090909091 0
1680037750916 81.31666666666666 0
1680037936328 80.35384615384615 0
1680038123088 79.98571428571428 0
1680038306365 80.0 0
1680038492662 79.4 0
1680038680914 79.21176470588235 0
1680038868743 79.14444444444443 0
1680039054662 79.43157894736841 0
1680039241594 78.26 0
