1681477227746 82.6 0
1681478049476 78.2 0
1681478891185 86.0 0
1681479733240 82.39999999999999 0
1681480574585 82.8 0
1681481415251 81.8 0
1681482252496 81.39999999999999 0
1681483088701 80.60000000000001 0
1681483920538 81.0 0
1681484751212 82.19999999999999 0
1681485576402 81.6 0
1681486398956 82.0 0
1681487219220 82.39999999999999 0
1681488016114 80.80000000000001 0
1681488808696 80.0 0
1681489598543 81.6 0
1681490383711 80.4 0
1681491169861 78.60000000000001 0
1681491948605 79.60000000000001 0
1681492224866 79.2 0
