1681478049471 53.400000000000006 0
1681478891175 69.19999999999999 0
1681479733225 69.0 0
1681480574564 60.4 0
1681481415224 55.60000000000001 0
1681482252463 47.599999999999994 0
1681483088663 49.2 0
1681483920491 45.2 0
1681484751159 46.400000000000006 0
1681485576343 43.0 0
1681486398888 40.400000000000006 0
1681487219146 37.2 0
1681488016029 36.8 0
1681488808600 36.4 0
1681489598441 36.0 0
1681490383602 33.6 0
1681491169737 28.000000000000004 0
1681491948467 25.0 0
1681492224722 23.400000000000002 0
