1681477227719 82.6 0
1681478049455 62.1 0
1681478891149 61.800000000000004 0
1681479733198 57.0 0
1681480574537 54.44 0
1681481415196 54.666666666666664 0
1681482252446 52.02857142857143 0
1681483088634 52.525 0
1681483920462 49.86666666666667 0
1681484751129 46.82000000000001 0
1681485576314 46.127272727272725 0
1681486398858 45.01666666666667 0
1681487219117 43.44615384615384 0
1681488015998 43.01428571428572 0
1681488808568 41.64 0
1681489598410 39.875 0
1681490383571 38.49411764705882 0
1681491169704 37.888888888888886 0
1681491948444 36.46315789473684 0
1681492224688 35.300000000000004 0
