1681477227736 82.6 0
1681478049460 80.8 0
1681478891165 85.26666666666667 0
1681479733215 84.7 0
1681480574554 86.28 0
1681481415213 85.1 0
1681482252452 85.71428571428574 0
1681483088651 86.75 0
1681483920479 86.13333333333333 0
1681484751148 86.82000000000001 0
1681485576331 87.41818181818182 0
1681486398875 87.80000000000001 0
1681487219134 88.13846153846154 0
1681488016016 87.4857142857143 0
1681488808586 87.51999999999998 0
1681489598427 87.8125 0
1681490383588 88.11764705882354 0
1681491169722 87.56666666666666 0
1681491948452 87.8 0
1681492224706 87.88000000000001 0
