1708714266059 78.60000000000001 0
1708716062247 33.2 1
1708717874308 28.199999999999996 2
1708719688409 17.2 3
1708721496198 9.8 4
1708723311761 10.8 5
1708725137508 5.6000000000000005 6
1708726962496 3.8 7
1708728785275 3.5999999999999996 8
1708730612230 3.2 9
1708732441909 3.0 10
1708734264018 1.6 11
1708736087187 2.4 12
1708737904588 0.8 13
1708739725228 1.0 14
1708741551185 0.6 15
1708743379095 1.7999999999999998 16
1708745211958 1.4000000000000001 17
1708747038870 1.4000000000000001 18
1708748878743 0.8 19
