1708714266072 78.60000000000001 0
1708716062276 77.0 1
1708717874347 73.0 2
1708719688464 72.0 3
1708721496264 64.60000000000001 4
1708723311843 68.60000000000001 5
1708725137606 60.8 6
1708726962610 59.0 7
1708728785407 59.4 8
1708730612377 55.00000000000001 9
1708732442092 55.00000000000001 10
1708734264200 52.6 11
1708736087388 52.800000000000004 12
1708737904812 56.8 13
1708739725476 52.400000000000006 14
1708741551447 42.0 15
1708743379386 41.8 16
1708745212262 45.6 17
1708747039214 44.6 18
1708748879101 47.0 19
