1708714266032 78.60000000000001 0
1708716062219 56.1 1
1708717874282 43.6 2
1708719688381 33.75 3
1708721496171 25.920000000000005 4
1708723311733 23.400000000000002 5
1708725137480 18.571428571428573 6
1708726962468 15.725000000000001 7
1708728785244 16.133333333333333 8
1708730612199 15.280000000000001 9
1708732441875 13.127272727272725 10
1708734263986 11.516666666666666 11
1708736087155 10.8 12
1708737904556 10.299999999999999 13
1708739725194 10.16 14
1708741551152 8.375 15
1708743379060 7.717647058823529 16
1708745211923 6.744444444444444 17
1708747038832 6.684210526315789 18
1708748878707 5.7700000000000005 19
