1708714266046 78.60000000000001 0
1708716062233 78.30000000000001 1
1708717874295 74.66666666666667 2
1708719688395 71.6 3
1708721496185 68.12 4
1708723311748 67.46666666666665 5
1708725137494 65.34285714285714 6
1708726962482 62.85 7
1708728785260 62.955555555555556 8
1708730612215 62.44 9
1708732441892 61.03636363636363 10
1708734264002 60.166666666666664 11
1708736087171 60.55384615384616 12
1708737904572 60.54285714285714 13
1708739725211 60.84 14
1708741551169 59.0 15
1708743379078 58.09411764705882 16
1708745211941 58.666666666666664 17
1708747038851 57.29473684210526 18
1708748878725 57.17 19
