1689895446145 23.400000000000002 0
1689895449370 23.400000000000002 1
1689895453405 23.400000000000002 2
1689895457997 23.400000000000002 3
1689895463204 23.400000000000002 4
1689895469125 23.400000000000002 5
1689895475658 23.400000000000002 6
1689895482964 23.400000000000002 7
1689895491031 23.400000000000002 8
1689895499667 23.400000000000002 9
1689895508936 23.400000000000002 10
1689895518862 23.400000000000002 11
1689895529554 23.400000000000002 12
1689895540917 23.400000000000002 13
1689895552712 23.400000000000002 14
1689895565758 23.400000000000002 15
1689895579174 23.400000000000002 16
1689895593418 23.400000000000002 17
1689895608264 23.400000000000002 18
1689898255327 91.0 19
