1689895446127 23.400000000000002 0
1689895449342 24.700000000000003 1
1689895453356 23.066666666666666 2
1689895457950 22.65 3
1689895463127 21.96 4
1689895469057 21.633333333333336 5
1689895475581 21.400000000000002 6
1689895482875 21.225 7
1689895490931 21.08888888888889 8
1689895499554 20.98 9
1689895508814 20.89090909090909 10
1689895518728 21.733333333333334 11
1689895529378 21.6 12
1689895540758 21.485714285714288 13
1689895552540 21.386666666666667 14
1689895565557 21.35 15
1689895578973 21.27058823529412 16
1689895593203 21.244444444444447 17
1689895607995 21.189473684210526 18
1689898255080 93.64999999999998 19
