1682713832526 84.39999999999999 0
1682714077592 66.5 0
1682714323356 50.13333333333333 0
1682714569495 55.85 0
1682714816472 47.8 0
1682715064311 40.76666666666667 0
1682715312420 35.0 0
1682715560023 33.525000000000006 0
1682715809631 29.599999999999998 0
1682716060352 25.6 0
1682716310265 24.94545454545455 0
1682716561555 26.3 0
1682716813760 27.984615384615385 0
1682717066741 27.728571428571428 0
1682717320063 30.293333333333333 0
1682717573616 27.05 0
1682717827522 25.764705882352942 0
1682718082858 25.56666666666667 0
1682718338744 23.821052631578947 0
1682718595504 25.11 0
