1708816306973 2.4 0
1708818133793 39.800000000000004 1
1708819967985 55.800000000000004 2
1708821794845 57.199999999999996 3
1708823622631 52.400000000000006 4
1708825450464 51.0 5
1708827287858 42.8 6
1708829127243 39.2 7
1708830974432 36.6 8
1708832813948 30.599999999999998 9
1708834656653 29.599999999999998 10
1708836498239 25.4 11
1708838338720 27.200000000000003 12
1708840174956 25.4 13
1708842008045 25.0 14
1708843843563 23.799999999999997 15
1708845687747 19.8 16
1708847532176 18.2 17
1708849374495 17.2 18
