1708814546383 79.0 0
1708816306949 78.5 1
1708818133768 76.13333333333334 2
1708819967959 74.6 3
1708821794820 75.32000000000001 4
1708823622604 74.10000000000001 5
1708825450437 71.65714285714286 6
1708827287830 71.25 7
1708829127215 70.44444444444444 8
1708830974403 70.02000000000001 9
1708832813919 68.34545454545454 10
1708834656623 67.45 11
1708836498207 66.93846153846154 12
1708838338690 66.51428571428572 13
1708840174925 66.88000000000001 14
1708842008013 65.975 15
1708843843531 65.61176470588236 16
1708845687713 64.47777777777779 17
1708847532143 63.35789473684211 18
1708849374460 61.95 19
