1708814546371 79.0 0
1708816306936 40.2 1
1708818133756 38.66666666666667 2
1708819967946 40.85000000000001 3
1708821794806 45.519999999999996 4
1708823622590 43.366666666666674 5
1708825450423 41.31428571428571 6
1708827287815 38.125 7
1708829127200 35.95555555555555 8
1708830974389 34.1 9
1708832813904 31.05454545454545 10
1708834656608 29.01666666666667 11
1708836498191 27.584615384615386 12
1708838338674 26.171428571428578 13
1708840174909 25.546666666666667 14
1708842007997 24.1375 15
1708843843515 22.95294117647059 16
1708845687697 21.68888888888889 17
1708847532126 20.631578947368425 18
1708849374443 19.269999999999996 19
