1679353092365 88.4 0
1679353249124 74.6 0
1679353410165 67.26666666666667 0
1679353577898 56.7 0
1679353744778 60.160000000000004 0
1679353912896 50.73333333333333 0
1679354083072 48.71428571428572 0
1679354247537 47.075 0
1679354404779 41.82222222222222 0
1679354565016 41.58 0
1679354728630 38.38181818181818 0
1679354891923 38.199999999999996 0
1679355055422 37.96923076923077 0
1679355219488 33.22857142857142 0
1679355382055 31.586666666666662 0
1679355547242 31.1125 0
1679355704948 29.082352941176474 0
1679355869764 29.466666666666665 0
1679356034758 28.010526315789477 0
1679356201282 25.160000000000004 0
