1682922157886 83.0 0
1682922289562 41.3 1
1682922432937 41.800000000000004 2
1682922576353 50.650000000000006 3
1682922720777 55.4 4
1682922865496 56.833333333333336 5
1682923011202 56.71428571428572 6
1682923156889 55.825 7
1682923303747 53.48888888888889 8
1682923450518 53.480000000000004 9
1682923596910 53.12727272727273 10
1682923742844 52.76666666666667 11
1682923890299 53.0923076923077 12
1682924037341 52.05714285714287 13
1682924188100 51.25333333333334 14
1682924337443 49.825 15
1682924486777 49.7764705882353 16
1682924635981 48.833333333333336 17
1682924786083 47.51578947368422 18
1682924936623 46.21 19
