1682922157903 83.0 0
1682922289581 84.1 1
1682922432954 85.53333333333335 2
1682922576370 87.19999999999999 3
1682922720783 89.2 4
1682922865514 89.13333333333334 5
1682923011219 89.28571428571429 6
1682923156909 89.82499999999999 7
1682923303764 89.42222222222223 8
1682923450535 89.4 9
1682923596927 89.38181818181819 10
1682923742861 89.56666666666666 11
1682923890316 89.12307692307694 12
1682924037358 89.15714285714284 13
1682924188118 89.25333333333332 14
1682924337461 88.775 15
1682924486795 88.67058823529412 16
1682924635989 88.4888888888889 17
1682924786101 88.22105263157896 18
1682924936642 88.32000000000001 19
