1681548142476 78.8 0
1681548292370 77.4 0
1681548443751 69.39999999999999 0
1681548595756 63.4 0
1681548747070 55.800000000000004 0
1681548898753 54.2 0
1681549049715 51.0 0
1681549201810 47.599999999999994 0
1681549353162 44.4 0
1681549505429 40.400000000000006 0
1681549657056 37.8 0
1681549808367 36.4 0
1681549959864 32.800000000000004 0
1681550110747 28.4 0
1681550262717 27.0 0
1681550415249 24.4 0
1681550567510 24.4 0
1681550720177 22.8 0
1681550873467 18.8 0
1681551027426 17.599999999999998 0
