1681548142470 78.8 0
1681548292365 81.1 0
1681548443746 81.13333333333334 0
1681548595751 83.5 0
1681548747065 85.16 0
1681548898748 85.66666666666667 0
1681549049710 85.17142857142856 0
1681549201804 85.725 0
1681549353157 85.26666666666668 0
1681549505424 84.8 0
1681549657050 85.47272727272728 0
1681549808361 85.26666666666667 0
1681549959858 84.93846153846154 0
1681550110741 84.37142857142858 0
1681550262710 84.24 0
1681550415242 83.3875 0
1681550567503 83.63529411764706 0
1681550720169 83.89999999999999 0
1681550873460 83.53684210526316 0
1681551027418 84.01 0
