1681548142463 78.8 0
1681548292349 65.7 0
1681548443729 59.19999999999999 0
1681548595746 59.2 0
1681548747060 55.879999999999995 0
1681548898743 55.40000000000001 0
1681549049693 51.685714285714276 0
1681549201799 50.3 0
1681549353140 50.22222222222222 0
1681549505406 46.900000000000006 0
1681549657033 45.54545454545455 0
1681549808344 44.550000000000004 0
1681549959841 41.96923076923077 0
1681550110735 41.67142857142857 0
1681550262693 39.81333333333334 0
1681550415236 38.724999999999994 0
1681550567485 36.83529411764707 0
1681550720152 36.81111111111111 0
1681550873453 35.98947368421052 0
1681551027400 34.58 0
