1709253304722 78.2 0
1709253849763 83.8 1
1709254396321 82.8 2
1709254943706 83.6 3
1709255491243 79.60000000000001 4
1709256039612 79.60000000000001 5
1709256588709 80.60000000000001 6
1709257137021 81.2 7
1709257686973 79.80000000000001 8
1709258237404 78.0 9
1709258788252 77.0 10
1709259339477 76.4 11
1709259891759 75.2 12
1709260444566 73.8 13
1709260997924 72.39999999999999 14
1709261552046 70.8 15
1709262107553 72.0 16
1709262663000 70.19999999999999 17
1709263218720 67.60000000000001 18
1709263775292 71.39999999999999 19
