1709253304716 78.2 0
1709253849750 68.2 1
1709254396301 56.39999999999999 2
1709254943671 54.2 3
1709255491199 44.800000000000004 4
1709256039560 39.800000000000004 5
1709256588659 33.800000000000004 6
1709257136963 31.8 7
1709257686904 27.6 8
1709258237326 26.200000000000003 9
1709258788165 25.4 10
1709259339379 21.2 11
1709259891653 20.4 12
1709260444448 15.6 13
1709260997796 18.6 14
1709261551906 14.399999999999999 15
1709262107395 13.8 16
1709262662828 12.4 17
1709263218541 10.4 18
1709263775094 9.2 19
