1709253304703 78.2 0
1709253849726 72.9 1
1709254396277 62.333333333333336 2
1709254943649 59.400000000000006 3
1709255491162 51.120000000000005 4
1709256039528 49.76666666666667 5
1709256588634 43.800000000000004 6
1709257136938 39.475 7
1709257686888 38.84444444444444 8
1709258237300 36.26 9
1709258788139 32.25454545454546 10
1709259339352 31.099999999999998 11
1709259891627 28.815384615384612 12
1709260444421 25.91428571428571 13
1709260997769 27.54666666666667 14
1709261551878 25.075000000000003 15
1709262107367 23.63529411764706 16
1709262662809 24.13333333333333 17
1709263218522 22.96842105263158 18
1709263775065 21.179999999999996 19
