1709253304709 78.2 0
1709253849744 82.5 1
1709254396294 81.60000000000001 2
1709254943660 81.69999999999999 3
1709255491185 80.84 4
1709256039548 79.2 5
1709256588651 78.62857142857145 6
1709257136956 77.25 7
1709257686896 77.04444444444444 8
1709258237318 76.44 9
1709258788157 74.69090909090909 10
1709259339371 75.58333333333333 11
1709259891645 75.63076923076923 12
1709260444440 73.97142857142856 13
1709260997787 73.34666666666666 14
1709261551897 72.875 15
1709262107386 73.4235294117647 16
1709262662818 73.14444444444445 17
1709263218531 72.42105263157895 18
1709263775085 72.50000000000001 19
