1708637100095 59.199999999999996 0
1708638055418 50.8 1
1708639016506 32.4 2
1708639981089 40.8 3
1708640940372 37.0 4
1708641906947 30.2 5
1708642877054 31.4 6
1708643847605 36.6 7
1708644819429 25.8 8
1708645788027 27.800000000000004 9
1708646758538 27.0 10
1708647736593 23.0 11
1708648713013 23.599999999999998 12
1708649687074 27.6 13
1708650664998 19.400000000000002 14
1708651647112 21.4 15
1708652628912 12.2 16
1708653608394 23.400000000000002 17
1708654586359 19.2 18
1708655560561 20.0 19
