1708637100061 59.199999999999996 0
1708638055371 37.2 1
1708639016448 21.933333333333337 2
1708639981019 20.250000000000004 3
1708640940288 15.559999999999999 4
1708641906848 13.466666666666669 5
1708642876941 11.085714285714287 6
1708643847480 10.174999999999999 7
1708644819287 9.444444444444445 8
1708645787870 8.1 9
1708646758362 7.381818181818182 10
1708647736402 6.666666666666668 11
1708648712805 6.43076923076923 12
1708649686842 6.328571428571428 13
1708650664737 5.8933333333333335 14
1708651646845 5.025 15
1708652628619 2.976470588235294 16
1708653608082 4.466666666666667 17
1708654586036 4.431578947368421 18
1708655560213 2.6 19
