1708637100073 59.199999999999996 0
1708638055383 62.6 1
1708639016460 46.6 2
1708639981031 53.85000000000001 3
1708640940300 49.279999999999994 4
1708641906861 43.70000000000001 5
1708642876954 42.51428571428572 6
1708643847492 43.849999999999994 7
1708644819300 39.44444444444444 8
1708645787883 36.480000000000004 9
1708646758376 36.63636363636363 10
1708647736416 33.050000000000004 11
1708648712819 32.30769230769231 12
1708649686857 32.84285714285714 13
1708650664752 32.986666666666665 14
1708651646860 30.9625 15
1708652628635 20.894117647058827 16
1708653608098 28.62222222222222 17
1708654586051 26.378947368421052 18
1708655560229 23.6 19
