1682663574592 82.39999999999999 0
1682663818257 39.6 0
1682664062874 25.0 0
1682664307604 25.2 0
1682664553868 20.599999999999998 0
1682664800679 25.6 0
1682665046937 21.2 0
1682665294660 19.8 0
1682665543369 18.2 0
1682665792842 17.0 0
1682666043236 20.200000000000003 0
1682666293762 20.599999999999998 0
1682666545247 27.200000000000003 0
1682666797621 31.8 0
1682667050108 28.000000000000004 0
1682667303848 22.2 0
1682667557855 27.0 0
1682667812391 20.0 0
1682668067670 28.4 0
1682668323233 24.4 0
