1682663574563 82.39999999999999 0
1682663818218 43.8 0
1682664062828 29.0 0
1682664307548 22.900000000000002 0
1682664553804 16.88 0
1682664800606 14.666666666666666 0
1682665046834 13.371428571428572 0
1682665294565 11.175 0
1682665543265 10.088888888888889 0
1682665792728 9.360000000000001 0
1682666043111 7.636363636363637 0
1682666293626 7.266666666666667 0
1682666545078 6.661538461538461 0
1682666797457 6.371428571428572 0
1682667049936 6.359999999999999 0
1682667303662 5.55 0
1682667557656 5.31764705882353 0
1682667812178 5.155555555555556 0
1682668067444 4.663157894736842 0
1682668322992 4.49 0
