1682663574576 82.39999999999999 0
1682663818231 63.599999999999994 0
1682664062840 48.46666666666667 0
1682664307561 49.5 0
1682664553817 46.48 0
1682664800618 43.46666666666667 0
1682665046847 40.142857142857146 0
1682665294579 37.825 0
1682665543278 32.91111111111111 0
1682665792741 33.660000000000004 0
1682666043124 30.56363636363636 0
1682666293639 32.36666666666667 0
1682666545091 30.107692307692307 0
1682666797471 28.657142857142855 0
1682667049949 30.666666666666668 0
1682667303675 26.9875 0
1682667557670 27.823529411764707 0
1682667812191 29.17777777777778 0
1682668067457 30.2 0
1682668323005 28.689999999999998 0
