1681771711218 91.0 0
1681771888856 82.5 0
1681772080026 83.73333333333333 0
1681772272789 85.3 0
1681772468131 85.52000000000001 0
1681772662087 87.90000000000002 0
1681772862784 88.71428571428574 0
1681773063414 88.025 0
1681773258760 87.97777777777777 0
1681773463562 87.12 0
1681773663211 86.85454545454546 0
1681773863262 85.84999999999998 0
1681774069387 85.41538461538462 0
1681774267963 85.15714285714287 0
1681774474565 84.93333333333332 0
1681774680314 84.25 0
1681774883080 83.77647058823528 0
1681775093150 84.10000000000001 0
1681775297607 83.01052631578946 0
1681775504800 82.56 0
