1681771711208 91.0 0
1681771888846 47.0 0
1681772080015 47.666666666666664 0
1681772272779 54.8 0
1681772468120 52.6 0
1681772662076 53.53333333333334 0
1681772862772 53.25714285714286 0
1681773063403 54.3 0
1681773258750 53.17777777777778 0
1681773463547 52.5 0
1681773663200 49.63636363636365 0
1681773863250 46.900000000000006 0
1681774069376 44.276923076923076 0
1681774267951 41.857142857142854 0
1681774474553 41.12 0
1681774680302 40.0625 0
1681774883069 37.78823529411765 0
1681775093138 36.72222222222223 0
1681775297595 35.53684210526316 0
1681775504790 34.0 0
