1680367509808 83.8 0
1680367778300 67.1 0
1680368044969 62.20000000000001 0
1680368313829 57.5 0
1680368580880 56.11999999999999 0
1680368851348 53.833333333333336 0
1680369122537 50.22857142857142 0
1680369393039 47.4 0
1680369663642 44.911111111111104 0
1680369935493 42.74 0
1680370209348 42.4 0
1680370482246 42.033333333333324 0
1680370757309 38.476923076923086 0
1680371032380 36.6 0
1680371305617 33.78666666666667 0
1680371580938 33.3125 0
1680371857650 32.22352941176471 0
1680372134277 31.54444444444444 0
1680372411026 31.42105263157895 0
1680372688313 30.03 0
