1680367509825 83.8 0
1680367778316 82.4 0
1680368044986 82.60000000000001 0
1680368313846 81.15 0
1680368580897 81.11999999999999 0
1680368851365 81.3 0
1680369122553 82.62857142857142 0
1680369393056 81.425 0
1680369663658 79.80000000000001 0
1680369935511 79.46000000000001 0
1680370209365 79.52727272727272 0
1680370482252 79.55 0
1680370757326 78.95384615384614 0
1680371032386 77.12857142857142 0
1680371305634 75.33333333333333 0
1680371580956 74.92500000000001 0
1680371857668 73.56470588235295 0
1680372134295 72.52222222222223 0
1680372411043 72.18947368421053 0
1680372688331 71.48 0
