1708623377855 79.2 0
1708623966598 75.4 1
1708624556108 68.2 2
1708625144701 70.8 3
1708625735102 76.2 4
1708626327648 68.2 5
1708626921425 68.60000000000001 6
1708627519328 68.2 7
1708628114164 69.19999999999999 8
1708628706337 74.4 9
1708629303805 67.4 10
1708629896817 67.80000000000001 11
1708630495441 67.4 12
1708631086175 66.2 13
1708631680902 67.80000000000001 14
1708632280563 67.80000000000001 15
1708632883958 66.8 16
1708633473898 66.60000000000001 17
1708634067105 67.0 18
1708634663776 66.4 19
