1708623377822 79.2 0
1708623966552 61.7 1
1708624556049 52.800000000000004 2
1708625144631 49.2 3
1708625735017 44.52 4
1708626327552 40.333333333333336 5
1708626921314 36.05714285714286 6
1708627519201 34.175 7
1708628114022 31.644444444444446 8
1708628706180 30.48 9
1708629303635 29.018181818181823 10
1708629896629 27.200000000000003 11
1708630495234 26.200000000000003 12
1708631085923 25.657142857142855 13
1708631680659 24.826666666666668 14
1708632280302 23.925 15
1708632883676 21.400000000000002 16
1708633473594 20.72222222222222 17
1708634066780 19.821052631578947 18
1708634663429 19.35 19
