1708623377833 79.2 0
1708623966564 75.2 1
1708624556061 72.13333333333334 2
1708625144642 72.85 3
1708625735030 73.2 4
1708626327565 70.66666666666667 5
1708626921327 69.85714285714285 6
1708627519214 70.575 7
1708628114035 69.99999999999999 8
1708628706194 69.91999999999999 9
1708629303649 68.61818181818181 10
1708629896643 68.11666666666666 11
1708630495248 67.8923076923077 12
1708631085937 68.78571428571428 13
1708631680674 69.42666666666666 14
1708632280317 69.3375 15
1708632883691 66.67058823529412 16
1708633473609 66.92222222222222 17
1708634066796 66.54736842105264 18
1708634663446 66.1 19
