1708808933591 76.2 0
1708809770934 62.5 1
1708810659966 48.0 2
1708811557128 41.550000000000004 3
1708812441928 28.360000000000003 4
1708813328254 25.899999999999995 5
1708814226168 21.285714285714285 6
1708815114853 20.2 7
1708816002213 18.17777777777778 8
1708816894240 15.219999999999999 9
1708817804248 15.054545454545455 10
1708818704315 13.0 11
1708819598056 12.400000000000002 12
1708820499894 11.685714285714285 13
1708821417646 8.053333333333335 14
1708822329870 9.9 15
1708823254162 9.294117647058824 16
1708824175233 9.700000000000001 17
1708825085599 8.157894736842104 18
1708826013853 7.44 19
