1708808933605 76.2 0
1708809770948 77.9 1
1708810659980 75.53333333333335 2
1708811557142 76.9 3
1708812441942 72.4 4
1708813328268 69.93333333333332 5
1708814226182 68.14285714285715 6
1708815114868 68.95 7
1708816002228 66.55555555555556 8
1708816894256 67.2 9
1708817804263 66.92727272727274 10
1708818704331 64.03333333333335 11
1708819598072 62.83076923076923 12
1708820499911 60.957142857142856 13
1708821417663 54.813333333333325 14
1708822329887 51.95 15
1708823254179 51.25882352941176 16
1708824175250 51.76666666666667 17
1708825085617 52.65263157894737 18
1708826013872 54.06 19
