1689921184649 20.599999999999998 0
1689921188035 20.599999999999998 1
1689921191834 20.599999999999998 2
1689921196348 20.599999999999998 3
1689921201739 20.599999999999998 4
1689921207807 20.599999999999998 5
1689921214440 20.599999999999998 6
1689921221472 20.599999999999998 7
1689921229602 20.599999999999998 8
1689921238421 20.599999999999998 9
1689921248166 20.599999999999998 10
1689921258367 20.599999999999998 11
1689921269284 20.599999999999998 12
1689921280874 20.599999999999998 13
1689921292823 20.599999999999998 14
1689921305794 20.599999999999998 15
1689921320345 20.599999999999998 16
1689921334761 20.599999999999998 17
1689921349768 20.599999999999998 18
1689924002707 91.0 19
