1689921184627 20.599999999999998 0
1689921188007 20.299999999999997 1
1689921191796 20.2 2
1689921196300 20.849999999999998 3
1689921201682 20.68 4
1689921207739 20.566666666666666 5
1689921214361 20.199999999999996 6
1689921221383 20.275 7
1689921229502 20.244444444444444 8
1689921238309 20.22 9
1689921248043 20.07272727272727 10
1689921258231 19.999999999999996 11
1689921269135 19.95384615384615 12
1689921280710 19.971428571428568 13
1689921292648 19.959999999999997 14
1689921305605 19.775 15
1689921320145 20.023529411764706 16
1689921334545 20.022222222222222 17
1689921349536 19.894736842105264 18
1689924002456 95.36 19
