1689921184609 0.0 0
1689921187996 0.0 1
1689921191782 0.0 2
1689921196286 0.0 3
1689921201667 3.9200000000000004 4
1689921207725 3.266666666666667 5
1689921214349 2.8000000000000003 6
1689921221370 2.45 7
1689921229490 2.177777777777778 8
1689921238297 1.9600000000000002 9
1689921248029 1.781818181818182 10
1689921258218 1.6333333333333335 11
1689921269121 1.5230769230769232 12
1689921280684 1.4142857142857144 13
1689921292634 1.32 14
1689921305590 1.2375 15
1689921320131 1.1647058823529413 16
1689921334531 1.1 17
1689921349522 1.0421052631578949 18
1689924002441 70.81 19
