1690018133142 83.6 0
1690018442479 43.4 1
1690018753619 33.4 2
1690019063902 22.8 3
1690019373079 17.8 4
1690019684176 16.2 5
1690019996161 14.799999999999999 6
1690020315442 13.0 7
1690020631203 11.600000000000001 8
1690020952040 12.6 9
1690021265141 12.0 10
1690021579888 10.4 11
1690021894159 11.200000000000001 12
1690022212666 8.799999999999999 13
1690022530804 6.6000000000000005 14
1690022850607 7.3999999999999995 15
1690023168583 2.6 16
1690023488861 4.6 17
1690023807514 3.4000000000000004 18
1690024125849 6.0 19
