1690018133151 83.6 0
1690018442499 80.0 1
1690018753649 74.0 2
1690019063942 75.8 3
1690019373132 73.4 4
1690019684238 72.0 5
1690019996236 72.0 6
1690020315526 68.8 7
1690020631299 66.4 8
1690020952147 67.80000000000001 9
1690021265261 61.199999999999996 10
1690021580020 63.0 11
1690021894304 60.4 12
1690022212823 62.2 13
1690022530976 59.0 14
1690022850814 54.800000000000004 15
1690023168784 54.400000000000006 16
1690023489078 57.4 17
1690023807751 58.199999999999996 18
1690024126095 59.599999999999994 19
