1690018133132 83.6 0
1690018442467 85.0 1
1690018753603 82.13333333333333 2
1690019063892 82.85 3
1690019373056 80.52000000000001 4
1690019684166 79.59999999999998 5
1690019996141 78.74285714285715 6
1690020315432 77.975 7
1690020631193 78.2 8
1690020952028 77.3 9
1690021265130 74.60000000000001 10
1690021579877 72.89999999999999 11
1690021894148 71.87692307692308 12
1690022212655 71.5142857142857 13
1690022530793 71.74666666666667 14
1690022850595 69.8625 15
1690023168572 70.77647058823531 16
1690023488848 69.25555555555555 17
1690023807490 68.4 18
1690024125836 69.10999999999999 19
