1690018133119 83.6 0
1690018442443 66.0 1
1690018753578 54.86666666666667 2
1690019063878 47.7 3
1690019373040 38.8 4
1690019684152 37.06666666666666 5
1690019996113 33.48571428571428 6
1690020315420 30.9 7
1690020631179 26.866666666666667 8
1690020952008 27.040000000000003 9
1690021265116 23.90909090909091 10
1690021579863 19.75 11
1690021894135 20.26153846153846 12
1690022212643 17.371428571428574 13
1690022530781 18.373333333333335 14
1690022850580 16.6125 15
1690023168559 15.15294117647059 16
1690023488834 13.788888888888888 17
1690023807475 13.389473684210527 18
1690024125824 12.02 19
