1689901158469 23.400000000000002 0
1689901161879 23.400000000000002 1
1689901165651 23.400000000000002 2
1689901170268 23.400000000000002 3
1689901175821 23.400000000000002 4
1689901181948 23.400000000000002 5
1689901188677 23.400000000000002 6
1689901195916 23.400000000000002 7
1689901203993 23.400000000000002 8
1689901212731 23.400000000000002 9
1689901221893 23.400000000000002 10
1689901232113 23.400000000000002 11
1689901242995 23.400000000000002 12
1689901254325 23.400000000000002 13
1689901266499 23.400000000000002 14
1689901279509 23.400000000000002 15
1689901293141 23.400000000000002 16
1689901307284 23.400000000000002 17
1689901322141 23.400000000000002 18
1689903970868 90.4 19
