1689901158450 23.400000000000002 0
1689901161851 24.700000000000003 1
1689901165614 23.066666666666666 2
1689901170222 22.65 3
1689901175764 21.96 4
1689901181881 21.633333333333336 5
1689901188600 21.400000000000002 6
1689901195828 21.225 7
1689901203894 21.08888888888889 8
1689901212621 20.98 9
1689901221771 20.89090909090909 10
1689901231979 21.733333333333334 11
1689901242848 21.6 12
1689901254166 21.485714285714288 13
1689901266327 21.386666666666667 14
1689901279323 21.35 15
1689901292942 21.27058823529412 16
1689901307068 21.244444444444447 17
1689901321910 21.189473684210526 18
1689903970622 93.37 19
