1681225615896 76.0 0
1681225753884 79.60000000000001 0
1681225890801 75.2 0
1681226022961 71.6 0
1681226155001 69.19999999999999 0
1681226288301 63.2 0
1681226422820 61.199999999999996 0
1681226556912 56.39999999999999 0
1681226694518 49.4 0
1681226831172 47.199999999999996 0
1681226965058 44.4 0
1681227099917 39.800000000000004 0
1681227236367 42.0 0
1681227372660 41.199999999999996 0
1681227509050 39.0 0
1681227645126 41.0 0
1681227782271 36.6 0
1681227920865 29.4 0
1681228059405 28.199999999999996 0
