1681225476811 81.8 0
1681225615888 83.9 0
1681225753875 84.2 0
1681225890792 84.4 0
1681226022952 87.08000000000001 0
1681226154992 85.43333333333332 0
1681226288291 85.11428571428571 0
1681226422810 86.39999999999999 0
1681226556902 85.66666666666669 0
1681226694507 84.74 0
1681226831161 85.32727272727271 0
1681226965047 85.35000000000001 0
1681227099906 84.2923076923077 0
1681227236348 83.49999999999999 0
1681227372649 83.08 0
1681227509037 82.8125 0
1681227645113 82.8 0
1681227782258 82.65555555555557 0
1681227920851 82.4736842105263 0
1681228059391 83.21000000000001 0
