1681225476794 81.8 0
1681225615871 74.5 0
1681225753859 62.26666666666667 0
1681225890776 59.00000000000001 0
1681226022947 56.71999999999999 0
1681226154975 56.29999999999999 0
1681226288274 53.771428571428565 0
1681226422793 52.175 0
1681226556885 50.75555555555556 0
1681226694500 48.71999999999999 0
1681226831144 46.92727272727273 0
1681226965030 44.79999999999999 0
1681227099900 42.123076923076916 0
1681227236339 41.77142857142858 0
1681227372631 39.66666666666667 0
1681227509020 38.6375 0
1681227645096 37.77647058823529 0
1681227782240 36.68888888888889 0
1681227920833 35.44210526315789 0
1681228059383 34.57 0
