1708610821629 78.0 0
1708611514678 78.0 1
1708612209111 71.8 2
1708612904134 71.8 3
1708613600070 70.39999999999999 4
1708614297233 69.39999999999999 5
1708614995532 70.19999999999999 6
1708615694792 67.60000000000001 7
1708616394666 69.0 8
1708617097018 66.8 9
1708617798144 63.800000000000004 10
1708618501681 65.4 11
1708619206504 66.60000000000001 12
1708619910508 70.39999999999999 13
1708620616453 67.4 14
1708621322181 64.2 15
1708622028354 59.199999999999996 16
1708622735529 65.0 17
1708623444249 61.6 18
