1708610165112 68.60000000000001 0
1708610821595 50.1 1
1708611514637 48.93333333333334 2
1708612209070 45.55 3
1708612904087 41.839999999999996 4
1708613600012 39.03333333333334 5
1708614297175 36.97142857142857 6
1708614995468 34.775000000000006 7
1708615694722 33.77777777777778 8
1708616394578 30.71999999999999 9
1708617096935 29.14545454545454 10
1708617798053 27.03333333333333 11
1708618501584 26.75384615384616 12
1708619206393 25.985714285714288 13
1708619910394 25.48 14
1708620616331 24.35 15
1708621322049 22.729411764705883 16
1708622028207 21.41111111111111 17
1708622735378 20.547368421052635 18
1708623444087 19.73 19
