1708610165123 68.60000000000001 0
1708610821607 80.6 1
1708611514650 79.39999999999999 2
1708612209080 76.80000000000001 3
1708612904098 74.92 4
1708613600026 74.13333333333333 5
1708614297187 72.54285714285713 6
1708614995479 72.675 7
1708615694733 73.04444444444445 8
1708616394594 72.14000000000001 9
1708617096946 70.76363636363637 10
1708617798065 69.48333333333333 11
1708618501596 69.86153846153844 12
1708619206408 70.38571428571429 13
1708619910406 70.13333333333334 14
1708620616343 68.9375 15
1708621322060 67.92941176470588 16
1708622028222 66.86666666666665 17
1708622735389 67.07368421052632 18
1708623444098 66.65 19
