1708826599112 84.39999999999999 0
1708827451815 73.4 1
1708828331678 74.66666666666667 2
1708829214620 74.9 3
1708830100982 75.24 4
1708830981600 72.83333333333333 5
1708831883229 71.74285714285713 6
1708832787533 68.75 7
1708833679141 66.60000000000001 8
1708834593141 67.2 9
1708835503688 65.34545454545456 10
1708836408120 64.15 11
1708837309680 64.07692307692308 12
1708838226946 65.1 13
1708839150345 57.959999999999994 14
1708840067192 56.5 15
1708841001016 55.98823529411764 16
1708841917710 55.24444444444444 17
1708842839165 53.95789473684212 18
1708843783559 55.19 19
