1708826599097 84.39999999999999 0
1708827451801 59.800000000000004 1
1708828331664 49.46666666666667 2
1708829214605 42.349999999999994 3
1708830100968 32.760000000000005 4
1708830981585 27.5 5
1708831883214 24.91428571428571 6
1708832787517 17.025 7
1708833679126 18.733333333333334 8
1708834593125 18.6 9
1708835503671 16.09090909090909 10
1708836408104 15.016666666666667 11
1708837309664 14.76923076923077 12
1708838226930 12.271428571428572 13
1708839150328 8.48 14
1708840067175 6.175 15
1708841000999 7.023529411764706 16
1708841917693 8.066666666666666 17
1708842839147 7.357894736842105 18
1708843783540 7.359999999999999 19
