1708664104358 68.8 0
1708664715300 57.599999999999994 1
1708665360814 48.46666666666667 2
1708666005607 38.45 3
1708666652548 32.239999999999995 4
1708667297718 25.266666666666666 5
1708667944692 20.62857142857143 6
1708668593718 19.45 7
1708669245687 16.444444444444443 8
1708669897046 13.88 9
1708670553826 15.109090909090908 10
1708671209198 13.950000000000001 11
1708671867465 12.584615384615384 12
1708672525361 9.714285714285714 13
1708673185789 9.520000000000001 14
1708673851480 8.962499999999999 15
1708674517892 8.094117647058825 16
1708675185276 7.98888888888889 17
1708675848891 6.831578947368421 18
1708676520981 7.15 19
