1708664104369 68.8 0
1708664715311 75.1 1
1708665360825 77.13333333333333 2
1708666005618 77.15 3
1708666652559 77.44 4
1708667297729 78.16666666666667 5
1708667944704 78.74285714285713 6
1708668593729 77.0 7
1708669245698 75.9111111111111 8
1708669897057 74.82000000000001 9
1708670553839 72.94545454545454 10
1708671209209 72.19999999999999 11
1708671867479 72.06153846153846 12
1708672525372 71.82857142857144 13
1708673185800 70.13333333333334 14
1708673851491 69.73750000000001 15
1708674517903 69.83529411764707 16
1708675185292 68.03333333333335 17
1708675848902 65.14736842105262 18
1708676520993 65.95000000000002 19
