1680280168364 84.0 0
1680280436235 83.30000000000001 0
1680280715197 82.13333333333334 0
1680280994817 82.5 0
1680281281343 84.35999999999999 0
1680281570310 84.9 0
1680281859305 84.62857142857142 0
1680282137983 85.1 0
1680282411497 84.68888888888888 0
1680282683893 84.22 0
1680282956687 84.96363636363635 0
1680283229470 83.96666666666668 0
1680283500247 83.67692307692307 0
1680283773302 82.8142857142857 0
1680284046015 82.94666666666667 0
1680284321385 81.75 0
1680284597090 80.75294117647059 0
1680284872449 81.44444444444444 0
1680285150341 81.26315789473684 0
1680285428176 81.01000000000002 0
