1680280168348 84.0 0
1680280436219 64.9 0
1680280715180 60.6 0
1680280994801 57.55 0
1680281281326 55.6 0
1680281570293 51.96666666666667 0
1680281859288 48.28571428571428 0
1680282137966 46.175 0
1680282411480 44.199999999999996 0
1680282683876 41.71999999999999 0
1680282956669 40.41818181818182 0
1680283229453 40.23333333333333 0
1680283500232 38.323076923076925 0
1680283773296 37.07142857142857 0
1680284045998 36.90666666666666 0
1680284321367 35.05 0
1680284597072 33.28235294117648 0
1680284872442 32.22222222222222 0
1680285150323 32.23157894736842 0
1680285428158 31.72 0
