1682658561030 84.2 0
1682658804724 44.0 0
1682659048973 28.266666666666666 0
1682659294760 22.6 0
1682659540037 17.64 0
1682659786767 14.166666666666666 0
1682660034439 13.285714285714286 0
1682660281762 11.200000000000001 0
1682660530467 10.066666666666668 0
1682660779678 9.16 0
1682661029634 7.709090909090909 0
1682661279725 7.133333333333333 0
1682661530028 6.769230769230769 0
1682661781957 6.5 0
1682662034075 6.293333333333333 0
1682662286230 5.675 0
1682662540188 5.105882352941176 0
1682662793744 5.177777777777778 0
1682663048660 4.589473684210526 0
1682663304110 4.58 0
