1682658561044 84.2 0
1682658804737 67.4 0
1682659048986 59.133333333333326 0
1682659294773 59.9 0
1682659540049 55.239999999999995 0
1682659786780 47.53333333333334 0
1682660034453 51.31428571428571 0
1682660281776 46.225 0
1682660530481 42.66666666666667 0
1682660779692 39.02 0
1682661029648 34.30909090909091 0
1682661279737 38.13333333333333 0
1682661530041 37.723076923076924 0
1682661781970 37.68571428571429 0
1682662034088 33.986666666666665 0
1682662286244 33.4875 0
1682662540201 36.752941176470586 0
1682662793757 37.82222222222222 0
1682663048673 38.421052631578945 0
1682663304124 39.43 0
