1682698718407 82.19999999999999 0
1682698963791 44.800000000000004 0
1682699210441 28.13333333333333 0
1682699457653 23.0 0
1682699705112 16.88 0
1682699953265 14.033333333333333 0
1682700202575 13.200000000000001 0
1682700452205 11.450000000000001 0
1682700703090 10.0 0
1682700954303 9.14 0
1682701205873 7.6909090909090905 0
1682701458450 7.283333333333334 0
1682701711211 6.738461538461538 0
1682701964937 6.5 0
1682702220031 6.319999999999999 0
1682702475565 5.375 0
1682702730932 5.141176470588236 0
1682702986978 5.166666666666667 0
1682703243913 4.6421052631578945 0
1682703501609 4.58 0
