1682698718421 82.19999999999999 0
1682698963804 74.1 0
1682699210456 55.26666666666667 0
1682699457666 51.0 0
1682699705126 47.08 0
1682699953279 43.666666666666664 0
1682700202589 44.82857142857143 0
1682700452220 44.1 0
1682700703105 40.93333333333334 0
1682700954316 34.660000000000004 0
1682701205886 32.309090909090905 0
1682701458464 33.449999999999996 0
1682701711224 38.215384615384615 0
1682701964950 35.2 0
1682702220044 33.78666666666667 0
1682702475579 29.6625 0
1682702730945 27.72941176470588 0
1682702986992 32.166666666666664 0
1682703243926 31.05263157894737 0
1682703501623 32.4 0
