1689906892309 23.400000000000002 0
1689906895675 23.400000000000002 1
1689906899636 23.400000000000002 2
1689906904158 23.400000000000002 3
1689906909340 23.400000000000002 4
1689906915238 23.400000000000002 5
1689906921793 23.400000000000002 6
1689906929102 23.400000000000002 7
1689906937141 23.400000000000002 8
1689906945721 23.400000000000002 9
1689906954959 23.400000000000002 10
1689906965006 23.400000000000002 11
1689906975839 23.400000000000002 12
1689906987578 23.400000000000002 13
1689907000233 23.400000000000002 14
1689907013167 23.400000000000002 15
1689907026736 23.400000000000002 16
1689907041087 23.400000000000002 17
1689907056038 23.400000000000002 18
1689909711873 88.0 19
