1689906892290 23.400000000000002 0
1689906895647 24.700000000000003 1
1689906899598 23.066666666666666 2
1689906904111 22.65 3
1689906909283 21.96 4
1689906915170 21.633333333333336 5
1689906921715 21.400000000000002 6
1689906929013 21.225 7
1689906937041 21.08888888888889 8
1689906945610 20.98 9
1689906954835 20.89090909090909 10
1689906964869 21.733333333333334 11
1689906975692 21.6 12
1689906987417 21.485714285714288 13
1689907000062 21.386666666666667 14
1689907012979 21.35 15
1689907026535 21.27058823529412 16
1689907040872 21.244444444444447 17
1689907055807 21.189473684210526 18
1689909711624 92.57000000000001 19
