1708630581239 84.0 0
1708631545646 81.6 1
1708632508782 72.6 2
1708633472281 73.0 3
1708634436935 72.2 4
1708635401686 69.19999999999999 5
1708636355449 70.19999999999999 6
1708637306188 66.60000000000001 7
1708638258301 65.60000000000001 8
1708639210838 65.4 9
1708640164060 68.60000000000001 10
1708641119110 64.60000000000001 11
1708642075425 60.199999999999996 12
1708643033585 61.0 13
1708643989891 63.4 14
1708644944254 63.6 15
1708645900196 64.0 16
1708646856721 61.6 17
1708647813851 64.0 18
1708648773712 57.99999999999999 19
