1708630581200 84.0 0
1708631545590 69.7 1
1708632508718 40.6 2
1708633472202 51.1 3
1708634436837 44.32 4
1708635401576 42.03333333333334 5
1708636355331 38.31428571428571 6
1708637306048 34.825 7
1708638258151 32.06666666666667 8
1708639210671 30.96 9
1708640163880 30.672727272727276 10
1708641118910 26.36666666666667 11
1708642075206 21.56923076923077 12
1708643033345 22.657142857142862 13
1708643989634 22.759999999999998 14
1708644943961 21.6 15
1708645899898 19.77647058823529 16
1708646856398 20.055555555555557 17
1708647813510 19.252631578947366 18
1708648773337 16.939999999999998 19
