1708630581213 84.0 0
1708631545604 82.8 1
1708632508730 64.60000000000001 2
1708633472215 75.85 3
1708634436851 71.64 4
1708635401590 71.56666666666666 5
1708636355344 71.05714285714285 6
1708637306062 69.325 7
1708638258165 69.22222222222223 8
1708639210686 70.22 9
1708640163894 69.27272727272727 10
1708641118924 66.45 11
1708642075221 61.39999999999999 12
1708643033361 64.5142857142857 13
1708643989650 65.53333333333333 14
1708644943977 65.05 15
1708645899914 64.11764705882354 16
1708646856414 64.73333333333333 17
1708647813526 64.30526315789474 18
1708648773354 61.480000000000004 19
