1690079687529 80.4 0
1690079976018 67.8 1
1690080264871 58.333333333333336 2
1690080553955 50.25 3
1690080843389 44.839999999999996 4
1690081134126 40.300000000000004 5
1690081424897 39.285714285714285 6
1690081716033 34.05 7
1690082008630 32.0 8
1690082301341 29.28 9
1690082594179 27.018181818181816 10
1690082887042 27.549999999999997 11
1690083181453 27.26153846153846 12
1690083476839 23.82857142857143 13
1690083772083 22.44 14
1690084067007 21.6375 15
1690084363962 18.705882352941178 16
1690084661359 18.58888888888889 17
1690084960011 16.96842105263158 18
1690085258828 15.65 19
