1690079687543 80.4 0
1690079976031 84.9 1
1690080264885 85.06666666666666 2
1690080553968 83.69999999999999 3
1690080843404 84.88 4
1690081134141 83.13333333333334 5
1690081424912 83.82857142857142 6
1690081716046 83.77499999999999 7
1690082008644 83.77777777777779 8
1690082301355 82.67999999999999 9
1690082594193 82.70909090909093 10
1690082887056 82.16666666666667 11
1690083181468 81.69230769230771 12
1690083476853 82.25714285714285 13
1690083772097 81.73333333333333 14
1690084067022 81.6 15
1690084363977 81.34117647058825 16
1690084661373 80.11111111111111 17
1690084960025 79.32631578947367 18
1690085258843 79.35999999999999 19
