1708647708911 60.6 0
1708648300421 51.0 1
1708648890592 46.6 2
1708649481813 39.6 3
1708650075561 35.8 4
1708650669547 30.599999999999998 5
1708651267779 28.999999999999996 6
1708651864432 28.599999999999998 7
1708652457616 27.0 8
1708653056941 23.400000000000002 9
1708653651280 22.8 10
1708654250756 20.8 11
1708654842286 19.2 12
1708655437905 17.599999999999998 13
1708656037702 16.2 14
1708656642091 16.400000000000002 15
1708657232803 16.0 16
1708657826740 14.6 17
1708658424226 13.200000000000001 18
