1708647708934 73.4 0
1708648300456 71.6 1
1708648890638 67.0 2
1708649481873 61.6 3
1708650075634 65.2 4
1708650669633 64.60000000000001 5
1708651267881 65.60000000000001 6
1708651864547 63.800000000000004 7
1708652457748 63.6 8
1708653057088 61.6 9
1708653651443 59.8 10
1708654250934 60.199999999999996 11
1708654842483 59.199999999999996 12
1708655438123 59.8 13
1708656037945 56.39999999999999 14
1708656642344 56.00000000000001 15
1708657233088 56.2 16
1708657827043 54.6 17
1708658424540 55.00000000000001 18
