1708647118577 76.0 0
1708647708875 64.60000000000001 1
1708648300386 55.800000000000004 2
1708648890556 49.300000000000004 3
1708649481776 48.279999999999994 4
1708650075525 43.53333333333334 5
1708650669509 39.028571428571425 6
1708651267740 37.275 7
1708651864393 35.022222222222226 8
1708652457577 33.28 9
1708653056901 31.61818181818182 10
1708653651238 29.7 11
1708654250714 26.799999999999997 12
1708654842244 26.72857142857143 13
1708655437862 25.720000000000002 14
1708656037657 24.8625 15
1708656642046 22.011764705882356 16
1708657232756 21.46666666666667 17
1708657826693 20.7578947368421 18
1708658424178 20.19 19
