1708647118588 76.0 0
1708647708887 75.2 1
1708648300398 73.06666666666666 2
1708648890568 72.5 3
1708649481788 74.32000000000001 4
1708650075537 73.46666666666667 5
1708650669522 72.51428571428572 6
1708651267753 72.775 7
1708651864406 71.75555555555555 8
1708652457590 72.11999999999999 9
1708653056915 70.41818181818181 10
1708653651252 70.06666666666666 11
1708654250728 68.83076923076925 12
1708654842258 68.61428571428571 13
1708655437877 68.86666666666666 14
1708656037672 68.4 15
1708656642061 66.18823529411766 16
1708657232772 66.6 17
1708657826709 66.58947368421053 18
1708658424195 66.39 19
