1679339273057 84.8 0
1679339394588 75.1 0
1679339516104 58.46666666666667 0
1679339638119 49.650000000000006 0
1679339760942 47.64 0
1679339883999 41.63333333333333 0
1679340007136 38.25714285714286 0
1679340131064 33.55 0
1679340255390 31.24444444444445 0
1679340380251 29.520000000000003 0
1679340505474 29.436363636363637 0
1679340631229 25.96666666666667 0
1679340757783 25.846153846153847 0
1679340884532 25.414285714285715 0
1679341011117 21.386666666666667 0
1679341138731 21.550000000000004 0
1679341267273 19.176470588235293 0
1679341395858 19.722222222222225 0
1679341525244 17.36842105263158 0
1679341654545 18.02 0
