1679339273073 84.8 0
1679339394605 85.6 0
1679339516108 85.2 0
1679339638135 81.9 0
1679339760958 82.80000000000001 0
1679339884016 82.83333333333333 0
1679340007153 81.74285714285713 0
1679340131069 82.32499999999999 0
1679340255407 81.33333333333333 0
1679340380256 81.42 0
1679340505479 80.52727272727273 0
1679340631235 81.73333333333333 0
1679340757800 80.06153846153845 0
1679340884548 79.58571428571429 0
1679341011134 78.89333333333333 0
1679341138748 78.2625 0
1679341267291 79.51764705882353 0
1679341395876 78.51111111111112 0
1679341525261 78.36842105263158 0
1679341654563 79.78999999999999 0
