1679542066295 73.4 0
1679543236739 79.6 0
1679544408772 74.39999999999999 0
1679545581636 69.14999999999999 0
1679546754120 67.03999999999999 0
1679547925927 67.53333333333335 0
1679549098585 65.57142857142857 0
1679550272850 66.125 0
1679551496752 63.77777777777778 0
1679552707184 62.02 0
1679553988504 61.72727272727273 0
1679555251692 58.666666666666664 0
1679556443663 60.03076923076924 0
1679557628518 58.74285714285714 0
1679558804328 58.53333333333333 0
1679559970872 57.375 0
1679561138734 55.55294117647059 0
1679562291100 55.14444444444444 0
1679563442329 55.12631578947368 0
1679564608324 52.6 0
