1679542066279 73.4 0
1679543236722 60.60000000000001 0
1679544408754 44.06666666666667 0
1679545581620 31.65 0
1679546754103 26.439999999999998 0
1679547925911 25.76666666666667 0
1679549098568 22.74285714285714 0
1679550272833 19.825000000000003 0
1679551496735 17.422222222222224 0
1679552707167 14.86 0
1679553988487 12.563636363636363 0
1679555251675 12.233333333333334 0
1679556443645 10.338461538461537 0
1679557628501 10.285714285714286 0
1679558804311 9.346666666666668 0
1679559970855 8.5625 0
1679561138728 7.964705882352941 0
1679562291082 6.666666666666667 0
1679563442311 6.7894736842105265 0
1679564608306 6.029999999999999 0
