1681797774135 93.0 0
1681797987768 81.0 0
1681798199329 74.13333333333334 0
1681798415952 66.6 0
1681798633214 61.88000000000001 0
1681798853814 57.6 0
1681799069870 50.82857142857143 0
1681799289075 46.425 0
1681799511650 42.800000000000004 0
1681799730896 41.46 0
1681799951478 41.0 0
1681800174093 39.949999999999996 0
1681800396691 38.03076923076924 0
1681800616448 38.07142857142857 0
1681800854457 37.013333333333335 0
1681801092652 35.5625 0
1681801328542 34.1764705882353 0
1681801565891 33.15555555555556 0
1681801805691 32.8421052631579 0
1681802044670 30.02 0
