1681797774146 93.0 0
1681797987780 92.0 0
1681798199340 91.33333333333333 0
1681798415963 89.64999999999999 0
1681798633225 88.16 0
1681798853826 85.10000000000001 0
1681799069881 85.5142857142857 0
1681799289085 84.15 0
1681799511662 83.15555555555557 0
1681799730908 83.05999999999999 0
1681799951488 82.05454545454545 0
1681800174104 83.48333333333333 0
1681800396703 83.58461538461538 0
1681800616459 82.84285714285714 0
1681800854468 83.08 0
1681801092664 82.4625 0
1681801328553 82.77647058823528 0
1681801565903 81.73333333333333 0
1681801805703 82.39999999999999 0
1681802044682 80.17 0
