1681461225363 82.6 0
1681462101153 48.2 0
1681462986373 51.4 0
1681463877527 47.800000000000004 0
1681464777433 47.88 0
1681465672288 49.43333333333334 0
1681466566764 49.771428571428565 0
1681467454006 49.0 0
1681468334889 47.488888888888894 0
1681469203096 45.06 0
1681470072448 43.83636363636364 0
1681470897614 43.38333333333333 0
1681471719072 42.50769230769231 0
1681472535501 41.58571428571428 0
1681473351911 40.02666666666667 0
1681474164290 39.025 0
1681474974914 38.23529411764706 0
1681475781043 36.62222222222223 0
1681476582052 35.863157894736844 0
1681476864051 35.199999999999996 0
