1681461225380 82.6 0
1681462101158 75.5 0
1681462986391 80.13333333333333 0
1681463877544 81.35 0
1681464777450 84.04 0
1681465672306 84.03333333333332 0
1681466566781 85.54285714285713 0
1681467454023 86.1 0
1681468334907 85.62222222222222 0
1681469203115 86.26 0
1681470072466 86.60000000000001 0
1681470897631 87.08333333333333 0
1681471719089 87.56923076923076 0
1681472535519 87.71428571428571 0
1681473351929 87.13333333333331 0
1681474164308 87.4625 0
1681474974921 87.60000000000001 0
1681475781050 87.05555555555556 0
1681476582059 87.15789473684212 0
1681476864069 87.53 0
