1689903552265 82.6 0
1689903695281 71.6 1
1689903839581 58.46666666666667 2
1689903983860 47.8 3
1689904135836 44.84 4
1689904283254 41.43333333333334 5
1689904429422 42.714285714285715 6
1689904575358 41.675 7
1689904722026 40.0 8
1689904869011 31.939999999999998 9
1689905016739 32.03636363636363 10
1689905166515 34.833333333333336 11
1689905316181 34.96923076923076 12
1689905466272 38.09999999999999 13
1689905618461 35.4 14
1689905769759 29.85 15
1689905921310 29.999999999999996 16
1689906073985 30.022222222222226 17
1689906226028 30.105263157894736 18
1689906379602 30.850000000000005 19
