1689903552252 82.6 0
1689903695266 44.9 1
1689903839567 29.0 2
1689903983845 23.25 3
1689904135823 17.28 4
1689904283241 14.466666666666667 5
1689904429411 13.542857142857143 6
1689904575347 11.425 7
1689904722013 10.11111111111111 8
1689904868997 9.2 9
1689905016725 7.709090909090909 10
1689905166501 7.383333333333333 11
1689905316168 6.800000000000001 12
1689905466258 6.5 13
1689905618432 6.493333333333333 14
1689905769744 5.425 15
1689905921284 5.423529411764706 16
1689906073969 5.111111111111111 17
1689906226014 4.684210526315789 18
1689906379589 4.6 19
