1708579639696 70.19999999999999 0
1708580008961 23.799999999999997 1
1708580376633 24.8 2
1708580744493 12.8 3
1708581111796 8.6 4
1708581483542 14.399999999999999 5
1708581856335 9.8 6
1708582229910 11.200000000000001 7
1708582577510 8.799999999999999 8
1708582944398 9.0 9
1708583293151 10.2 10
1708583668186 6.0 11
1708584043518 10.8 12
1708584420574 6.6000000000000005 13
1708584797640 10.2 14
1708585176202 8.200000000000001 15
1708585554467 11.0 16
1708585935065 8.0 17
1708586313761 16.8 18
1708586696193 12.8 19
