1708579639687 70.19999999999999 0
1708580008946 49.0 1
1708580376613 45.133333333333326 2
1708580744464 33.85 3
1708581111764 32.760000000000005 4
1708581483505 29.8 5
1708581856291 22.97142857142857 6
1708582229846 23.950000000000003 7
1708582577451 22.933333333333334 8
1708582944333 19.6 9
1708583293078 20.763636363636362 10
1708583668106 16.333333333333332 11
1708584043425 20.55384615384616 12
1708584420471 19.585714285714282 13
1708584797530 17.386666666666667 14
1708585176085 18.7125 15
1708585554339 17.435294117647057 16
1708585934926 16.144444444444446 17
1708586313610 17.431578947368422 18
1708586696031 16.45 19
