1708579639670 70.19999999999999 0
1708580008929 37.1 1
1708580376596 23.399999999999995 2
1708580744459 19.0 3
1708581111747 15.960000000000003 4
1708581483488 12.033333333333333 5
1708581856273 9.942857142857141 6
1708582229827 10.049999999999999 7
1708582577446 8.444444444444445 8
1708582944315 6.119999999999999 9
1708583293061 6.745454545454546 10
1708583668099 4.8500000000000005 11
1708584043407 5.723076923076923 12
1708584420464 5.585714285714286 13
1708584797512 4.5200000000000005 14
1708585176067 4.8875 15
1708585554321 4.7058823529411775 16
1708585934908 4.122222222222223 17
1708586313591 3.8631578947368426 18
1708586696023 3.5100000000000002 19
