1681817185721 83.39999999999999 0
1681817397429 78.5 0
1681817612354 68.13333333333333 0
1681817829162 62.45 0
1681818045482 59.2 0
1681818263182 54.83333333333334 0
1681818481354 52.628571428571426 0
1681818700349 49.05 0
1681818923264 45.53333333333333 0
1681819143054 41.78 0
1681819363831 41.236363636363635 0
1681819584237 40.38333333333333 0
1681819808231 38.72307692307692 0
1681820032283 38.771428571428565 0
1681820256560 37.666666666666664 0
1681820482430 36.6 0
1681820710798 34.71764705882353 0
1681820937651 32.911111111111104 0
1681821163454 32.25263157894737 0
1681821393080 31.75 0
