1681817185733 83.39999999999999 0
1681817397440 86.8 0
1681817612366 86.86666666666667 0
1681817829172 86.55000000000001 0
1681818045494 86.36000000000001 0
1681818263194 86.09999999999998 0
1681818481366 84.85714285714286 0
1681818700360 84.8 0
1681818923275 83.64444444444445 0
1681819143066 82.3 0
1681819363841 82.05454545454546 0
1681819584248 83.06666666666668 0
1681819808253 82.63076923076922 0
1681820032294 83.71428571428571 0
1681820256572 83.21333333333334 0
1681820482441 82.92500000000001 0
1681820710811 83.12941176470588 0
1681820937663 82.52222222222223 0
1681821163466 81.82105263157895 0
1681821393091 81.28 0
