1708635117950 82.8 0
1708636025389 37.6 1
1708636934566 27.800000000000004 2
1708637849112 16.0 3
1708638766875 13.8 4
1708639685361 14.000000000000002 5
1708640602551 8.799999999999999 6
1708641522835 9.4 7
1708642444427 5.0 8
1708643363944 5.2 9
1708644286855 5.2 10
1708645211786 4.3999999999999995 11
1708646141079 4.6 12
1708647076243 4.3999999999999995 13
1708648005577 2.1999999999999997 14
1708648934322 3.2 15
1708649863316 2.6 16
1708650792528 3.2 17
1708651722831 3.0 18
1708652654611 3.2 19
