1708635117937 82.8 0
1708636025377 79.9 1
1708636934554 76.46666666666665 2
1708637849100 70.7 3
1708638766863 70.64000000000001 4
1708639685348 67.39999999999999 5
1708640602537 66.05714285714286 6
1708641522821 64.2 7
1708642444413 63.75555555555556 8
1708643363930 62.040000000000006 9
1708644286841 59.96363636363637 10
1708645211771 59.76666666666667 11
1708646141064 59.92307692307691 12
1708647076228 58.72857142857144 13
1708648005560 58.64 14
1708648934306 57.4875 15
1708649863300 55.670588235294126 16
1708650792512 56.53333333333333 17
1708651722815 56.06315789473685 18
1708652654593 55.40999999999999 19
