1708635117925 82.8 0
1708636025365 59.400000000000006 1
1708636934541 45.4 2
1708637849087 33.7 3
1708638766849 27.439999999999998 4
1708639685334 22.76666666666667 5
1708640602523 18.2 6
1708641522808 17.125 7
1708642444399 15.311111111111112 8
1708643363916 14.84 9
1708644286827 13.763636363636362 10
1708645211757 12.366666666666667 11
1708646141048 10.830769230769231 12
1708647076212 10.585714285714285 13
1708648005544 10.213333333333333 14
1708648934291 8.5125 15
1708649863284 7.364705882352941 16
1708650792495 7.177777777777777 17
1708651722798 6.621052631578947 18
1708652654576 6.25 19
