1708618994615 79.80000000000001 0
1708619958453 54.800000000000004 1
1708620926506 43.8 2
1708621896300 33.0 3
1708622870352 24.8 4
1708623845268 33.0 5
1708624818481 30.599999999999998 6
1708625797095 33.6 7
1708626773198 29.799999999999997 8
1708627749114 29.599999999999998 9
1708628730123 29.799999999999997 10
1708629710648 37.0 11
1708630688125 32.6 12
1708631665479 24.6 13
1708632638234 22.400000000000002 14
1708633613333 26.200000000000003 15
1708634581896 30.2 16
1708635551077 31.6 17
1708636521689 26.400000000000002 18
