1708618030574 64.8 0
1708618994604 49.2 1
1708619958441 36.6 2
1708620926494 30.8 3
1708621896288 28.599999999999998 4
1708622870338 29.599999999999998 5
1708623845255 29.799999999999997 6
1708624818468 28.4 7
1708625797081 26.8 8
1708626773184 26.6 9
1708627749100 25.4 10
1708628730109 25.6 11
1708629710634 20.599999999999998 12
1708630688111 21.8 13
1708631665464 22.2 14
1708632638219 19.6 15
1708633613318 27.6 16
1708634581880 23.599999999999998 17
1708635551061 17.8 18
1708636521673 18.8 19
