1708618030540 64.8 0
1708618994557 39.900000000000006 1
1708619958382 28.333333333333332 2
1708620926420 19.55 3
1708621896205 16.96 4
1708622870228 8.266666666666667 5
1708623845136 12.114285714285714 6
1708624818338 10.575 7
1708625796931 8.444444444444445 8
1708626773017 8.3 9
1708627748919 6.927272727272728 10
1708628729909 7.133333333333333 11
1708629710420 6.476923076923077 12
1708630687883 5.142857142857143 13
1708631665205 5.2 14
1708632637948 5.2749999999999995 15
1708633613019 5.3999999999999995 16
1708634581569 4.266666666666667 17
1708635550708 4.157894736842105 18
1708636521317 3.7700000000000005 19
