1679318584277 78.60000000000001 0
1679318710094 62.7 0
1679318836284 58.26666666666667 0
1679318963313 54.49999999999999 0
1679319091032 55.120000000000005 0
1679319218756 55.06666666666666 0
1679319346333 53.57142857142858 0
1679319474852 51.224999999999994 0
1679319603608 49.111111111111114 0
1679319732690 45.14 0
1679319862699 44.327272727272735 0
1679319992369 41.983333333333334 0
1679320123062 40.07692307692308 0
1679320253417 40.42857142857143 0
1679320384756 38.4 0
1679320515458 36.849999999999994 0
1679320646153 36.0 0
1679320777770 35.43333333333333 0
1679320910007 34.53684210526316 0
1679321043013 33.38000000000001 0
