1709473692573 59.599999999999994 0
1709474138113 61.199999999999996 1
1709474586105 56.00000000000001 2
1709475032310 49.4 3
1709475483201 49.2 4
1709475930996 46.0 5
1709476374141 48.199999999999996 6
1709476822309 48.199999999999996 7
1709477275537 45.6 8
1709477726703 40.8 9
1709478177544 39.800000000000004 10
1709478628290 41.199999999999996 11
1709479082454 39.800000000000004 12
1709479538954 39.6 13
1709479992544 39.6 14
1709480448075 36.6 15
1709480907417 39.0 16
1709481365166 35.8 17
1709481822513 37.8 18
