1709473257976 62.6 0
1709473692547 62.9 1
1709474138079 62.6 2
1709474586060 55.0 3
1709475032258 52.2 4
1709475483142 54.63333333333333 5
1709475930919 52.42857142857143 6
1709476374066 54.675 7
1709476822224 55.35555555555556 8
1709477275442 53.9 9
1709477726599 51.43636363636363 10
1709478177427 49.03333333333334 11
1709478628162 48.153846153846146 12
1709479082317 47.98571428571428 13
1709479538801 49.48 14
1709479992378 48.324999999999996 15
1709480447898 49.74117647058824 16
1709480907224 50.3 17
1709481364961 46.88421052631579 18
1709481822291 48.800000000000004 19
