1709473257959 62.6 0
1709473692529 33.2 1
1709474138061 29.133333333333336 2
1709474586042 25.749999999999996 3
1709475032251 23.240000000000002 4
1709475483124 23.433333333333334 5
1709475930899 21.885714285714283 6
1709476374058 23.225 7
1709476822217 21.888888888888893 8
1709477275424 20.119999999999997 9
1709477726580 17.599999999999998 10
1709478177409 15.200000000000001 11
1709478628144 14.784615384615382 12
1709479082299 13.771428571428572 13
1709479538782 13.853333333333332 14
1709479992359 13.1125 15
1709480447879 14.11764705882353 16
1709480907205 13.388888888888888 17
1709481364941 11.968421052631578 18
1709481822272 12.16 19
