1708703216576 84.0 0
1708704189050 81.6 1
1708705224628 72.8 2
1708706267055 57.199999999999996 3
1708707312330 39.6 4
1708708367571 17.599999999999998 5
1708709414408 11.4 6
1708710453147 5.2 7
1708711494356 7.000000000000001 8
1708712535261 5.4 9
1708713575325 3.4000000000000004 10
1708714621763 4.2 11
1708715671020 0.8 12
1708716723413 1.7999999999999998 13
1708717776458 1.4000000000000001 14
1708718821900 2.4 15
1708719868866 1.7999999999999998 16
1708720911658 2.4 17
1708721954279 0.4 18
1708722997223 2.4 19
