1708703216549 84.0 0
1708704189022 42.9 1
1708705224603 34.73333333333333 2
1708706267028 34.0 3
1708707312303 28.72 4
1708708367542 24.866666666666664 5
1708709414381 22.25714285714286 6
1708710453118 19.725 7
1708711494327 19.244444444444444 8
1708712535233 17.279999999999998 9
1708713575294 14.70909090909091 10
1708714621731 10.4 11
1708715670989 7.492307692307692 12
1708716723382 9.185714285714285 13
1708717776427 10.893333333333334 14
1708718821866 10.2 15
1708719868834 8.941176470588236 16
1708720911625 10.188888888888888 17
1708721954246 7.231578947368422 18
1708722997189 6.540000000000001 19
