1708703216563 84.0 0
1708704189036 79.8 1
1708705224615 69.73333333333333 2
1708706267042 67.44999999999999 3
1708707312317 67.44000000000001 4
1708708367557 63.53333333333334 5
1708709414395 63.171428571428564 6
1708710453134 62.1 7
1708711494341 63.35555555555556 8
1708712535247 61.919999999999995 9
1708713575311 59.01818181818181 10
1708714621747 57.43333333333334 11
1708715671005 52.33846153846154 12
1708716723398 54.871428571428574 13
1708717776443 58.239999999999995 14
1708718821883 58.25 15
1708719868850 58.16470588235295 16
1708720911642 58.91111111111112 17
1708721954262 58.85263157894736 18
1708722997206 57.59000000000001 19
