1708689785231 77.4 0
1708690390080 63.400000000000006 1
1708691028662 44.6 2
1708691670932 35.75 3
1708692317152 32.8 4
1708692965386 24.933333333333334 5
1708693612319 22.599999999999998 6
1708694261012 21.425 7
1708694910624 18.6 8
1708695566905 14.98 9
1708696223361 13.581818181818182 10
1708696881609 12.966666666666669 11
1708697538732 12.907692307692308 12
1708698249945 12.299999999999999 13
1708699112922 11.6 14
1708700002296 9.325 15
1708700897329 9.505882352941178 16
1708701652673 7.277777777777778 17
1708702479147 5.336842105263158 18
1708703383152 5.14 19
