1708689785244 77.4 0
1708690390091 78.8 1
1708691028673 79.0 2
1708691670944 79.3 3
1708692317164 78.32000000000001 4
1708692965398 76.2 5
1708693612330 73.91428571428571 6
1708694261024 75.025 7
1708694910635 74.64444444444445 8
1708695566916 73.44 9
1708696223373 72.50909090909092 10
1708696881620 72.03333333333333 11
1708697538743 71.78461538461538 12
1708698249956 70.87142857142858 13
1708699112930 70.48 14
1708700002308 70.4 15
1708700897341 70.0 16
1708701652685 62.96666666666666 17
1708702479159 62.03157894736843 18
1708703383163 60.05 19
