1708557775970 67.2 0
1708558157917 29.599999999999998 1
1708558543196 16.400000000000002 2
1708558925401 13.600000000000001 3
1708559300260 10.8 4
1708559675536 7.6 5
1708560052204 10.2 6
1708560426814 8.799999999999999 7
1708560800505 10.4 8
1708561171149 11.799999999999999 9
1708561547138 10.4 10
1708561922971 8.4 11
1708562291902 13.600000000000001 12
1708562669957 7.000000000000001 13
1708563036889 7.199999999999999 14
1708563416378 7.3999999999999995 15
1708563795077 11.799999999999999 16
1708564175815 5.6000000000000005 17
