1708557048598 80.4 0
1708557419032 63.5 1
1708557775940 37.333333333333336 2
1708558157878 36.9 3
1708558543142 30.880000000000003 4
1708558925350 31.133333333333336 5
1708559300205 23.457142857142856 6
1708559675466 21.975 7
1708560052122 22.333333333333332 8
1708560426736 21.740000000000002 9
1708560800419 21.61818181818182 10
1708561171050 20.583333333333336 11
1708561547031 17.153846153846153 12
1708561922855 18.342857142857145 13
1708562291776 16.693333333333335 14
1708562669819 16.775000000000002 15
1708563036740 16.011764705882353 16
1708563416218 16.799999999999997 17
1708563794907 17.25263157894737 18
1708564175628 16.74 19
