1689966773545 86.4 0
1689967087466 87.6 1
1689967402329 87.33333333333333 2
1689967719456 87.65 3
1689968041603 85.64000000000001 4
1689968361584 83.30000000000001 5
1689968685566 84.77142857142857 6
1689969008692 85.275 7
1689969327350 83.86666666666669 8
1689969650078 83.50000000000001 9
1689969971360 81.89090909090909 10
1689970291074 81.46666666666667 11
1689970611100 81.27692307692307 12
1689970933495 79.74285714285715 13
1689971263615 80.30666666666666 14
1689971591061 80.1125 15
1689971917168 80.12941176470588 16
1689972242971 79.74444444444444 17
1689972568361 79.71578947368421 18
1689972895499 79.16999999999999 19
