1689966773532 86.4 0
1689967087455 70.5 1
1689967402318 60.6 2
1689967719440 53.0 3
1689968041587 44.72 4
1689968361569 42.36666666666667 5
1689968685552 39.51428571428572 6
1689969008665 37.8 7
1689969327326 32.17777777777778 8
1689969650064 32.64 9
1689969971348 29.672727272727272 10
1689970291060 26.266666666666666 11
1689970611086 24.753846153846155 12
1689970933481 21.271428571428572 13
1689971263601 24.026666666666664 14
1689971591049 23.0 15
1689971917154 21.18823529411765 16
1689972242959 20.12222222222222 17
1689972568346 18.85263157894737 18
1689972895474 16.92 19
