1681324493105 88.8 0
1681324615825 41.8 0
1681324740399 37.2 0
1681324865044 23.599999999999998 0
1681324990829 23.0 0
1681325116109 11.200000000000001 0
1681325236871 11.4 0
1681325361461 11.799999999999999 0
1681325488051 14.399999999999999 0
1681325617519 8.799999999999999 0
1681325744858 9.8 0
1681325872055 8.4 0
1681326000623 8.200000000000001 0
1681326129046 5.800000000000001 0
1681326259620 3.4000000000000004 0
1681326388270 5.6000000000000005 0
1681326515716 2.4 0
1681326644347 4.3999999999999995 0
