1681324243961 87.2 0
1681324368107 67.80000000000001 0
1681324493096 40.2 0
1681324615816 29.799999999999997 0
1681324740390 32.6 0
1681324865035 26.400000000000002 0
1681324990820 21.4 0
1681325116099 19.6 0
1681325236861 20.8 0
1681325361450 19.0 0
1681325488039 14.399999999999999 0
1681325617508 10.6 0
1681325744846 10.6 0
1681325872044 11.200000000000001 0
1681326000611 12.8 0
1681326129033 9.6 0
1681326259607 3.4000000000000004 0
1681326388257 7.000000000000001 0
1681326515702 7.6 0
1681326644333 7.199999999999999 0
