1681324243956 87.2 0
1681324368103 86.6 0
1681324493092 85.66666666666667 0
1681324615811 84.0 0
1681324740385 84.28 0
1681324865030 83.03333333333332 0
1681324990815 81.60000000000001 0
1681325116094 84.05 0
1681325236856 82.02222222222221 0
1681325361445 82.4 0
1681325488033 81.01818181818182 0
1681325617502 82.61666666666667 0
1681325744841 79.73846153846154 0
1681325872038 80.17142857142858 0
1681326000605 78.78666666666666 0
1681326129027 79.0875 0
1681326259600 79.90588235294116 0
1681326388250 79.56666666666666 0
1681326515695 79.09473684210526 0
1681326644325 79.69000000000001 0
