1679410968828 59.599999999999994 0
1679411573958 74.5 0
1679412164652 73.06666666666666 0
1679412755256 73.25 0
1679413341155 72.16 0
1679413930256 74.13333333333334 0
1679414520963 73.71428571428571 0
1679415111552 73.475 0
1679415702138 73.02222222222221 0
1679416291673 72.30000000000001 0
1679416882720 71.03636363636365 0
1679417475868 69.75 0
1679418066024 69.47692307692309 0
1679418656891 68.37142857142858 0
1679419249231 67.2 0
1679419842705 67.5625 0
1679420436363 66.19999999999999 0
1679421032544 66.02222222222221 0
1679421632499 64.97894736842107 0
1679422235723 64.81 0
