1679410968811 59.599999999999994 0
1679411573954 50.7 0
1679412164636 49.46666666666667 0
1679412755240 47.3 0
1679413341137 45.56 0
1679413930239 40.699999999999996 0
1679414520945 40.34285714285715 0
1679415111536 39.0 0
1679415702133 36.955555555555556 0
1679416291656 35.260000000000005 0
1679416882715 33.090909090909086 0
1679417475863 31.05 0
1679418066006 29.999999999999996 0
1679418656885 28.571428571428577 0
1679419249214 27.706666666666667 0
1679419842687 26.599999999999998 0
1679420436346 25.30588235294118 0
1679421032527 24.155555555555555 0
1679421632482 22.052631578947366 0
1679422235705 21.250000000000004 0
