1708781022393 82.39999999999999 0
1708781951743 83.6 1
1708782909486 77.60000000000001 2
1708783868439 72.39999999999999 3
1708784828495 71.39999999999999 4
1708785793452 72.2 5
1708786754454 68.8 6
1708787716273 65.2 7
1708788679050 63.800000000000004 8
1708789643587 66.0 9
1708790608516 60.8 10
1708791574552 59.199999999999996 11
1708792541061 57.4 12
1708793509038 57.4 13
1708794477459 58.4 14
1708795446608 61.199999999999996 15
1708796417130 58.4 16
1708797388589 59.0 17
1708798363408 59.0 18
1708799348538 59.199999999999996 19
