1708781022366 82.39999999999999 0
1708781951702 78.69999999999999 1
1708782909432 77.0 2
1708783868372 74.85 3
1708784828409 74.96 4
1708785793352 73.46666666666667 5
1708786754336 71.94285714285714 6
1708787716139 69.82499999999999 7
1708788678901 67.93333333333334 8
1708789643418 68.52000000000001 9
1708790608329 66.32727272727273 10
1708791574340 65.33333333333336 11
1708792540838 64.39999999999999 12
1708793508796 64.51428571428572 13
1708794477197 63.413333333333334 14
1708795446320 64.225 15
1708796416816 62.752941176470586 16
1708797388253 61.43333333333333 17
1708798363036 60.27368421052632 18
1708799348146 61.2 19
