1708781022352 82.39999999999999 0
1708781951688 68.6 1
1708782909418 60.26666666666667 2
1708783868358 52.9 3
1708784828395 45.919999999999995 4
1708785793338 41.76666666666667 5
1708786754321 35.771428571428565 6
1708787716124 32.0 7
1708788678885 29.266666666666666 8
1708789643403 26.660000000000004 9
1708790608313 25.654545454545453 10
1708791574323 21.516666666666666 11
1708792540821 20.184615384615388 12
1708793508780 19.657142857142855 13
1708794477180 19.30666666666667 14
1708795446301 17.2 15
1708796416798 15.36470588235294 16
1708797388235 14.333333333333334 17
1708798363018 13.221052631578948 18
1708799348126 12.24 19
