1679471104260 75.6 0
1679472270264 59.400000000000006 0
1679473437151 42.13333333333333 0
1679474620496 33.95 0
1679475797018 27.8 0
1679476974284 25.5 0
1679478158771 21.885714285714283 0
1679479350885 20.125 0
1679480530588 17.022222222222222 0
1679481710213 15.12 0
1679482895139 12.836363636363636 0
1679484081575 12.916666666666666 0
1679485266769 10.353846153846153 0
1679486442123 10.071428571428571 0
1679487608284 8.933333333333334 0
1679488775684 8.3875 0
1679489945034 7.929411764705883 0
1679491116526 7.311111111111111 0
1679492297148 6.5894736842105255 0
1679493469209 5.95 0
