1679471104264 75.6 0
1679472270280 78.9 0
1679473437168 71.33333333333333 0
1679474620500 71.15 0
1679475797034 67.36 0
1679476974301 67.60000000000001 0
1679478158775 66.17142857142858 0
1679479350890 66.35 0
1679480530605 64.35555555555555 0
1679481710230 63.160000000000004 0
1679482895156 61.654545454545456 0
1679484081581 58.883333333333326 0
1679485266786 60.27692307692309 0
1679486442140 58.0 0
1679487608302 57.54666666666666 0
1679488775702 56.7625 0
1679489945051 55.37647058823529 0
1679491116545 54.58888888888889 0
1679492297155 54.642105263157895 0
1679493469216 54.3 0
