1689891524652 84.39999999999999 0
1689891668432 60.8 1
1689891812009 37.8 2
1689891956745 28.599999999999998 3
1689892100492 26.200000000000003 4
1689892247580 18.8 5
1689892393659 22.0 6
1689892541298 14.399999999999999 7
1689892696684 24.6 8
1689892846972 18.2 9
1689892995005 23.400000000000002 10
1689893144265 23.0 11
1689893294549 15.4 12
1689893444023 20.599999999999998 13
1689893595188 23.599999999999998 14
1689893746477 14.399999999999999 15
1689893898238 18.4 16
1689894050825 13.8 17
1689894204473 16.400000000000002 18
1689894357540 17.599999999999998 19
