1689891524633 84.39999999999999 0
1689891668405 75.9 1
1689891811972 57.73333333333333 2
1689891956698 55.1 3
1689892100436 47.239999999999995 4
1689892247513 48.6 5
1689892393582 48.542857142857144 6
1689892541210 45.825 7
1689892696585 40.75555555555555 8
1689892846863 35.879999999999995 9
1689892994884 34.654545454545456 10
1689893144132 34.99999999999999 11
1689893294405 34.07692307692308 12
1689893443863 34.42857142857143 13
1689893595017 36.76 14
1689893746293 33.425 15
1689893898039 35.38823529411765 16
1689894050611 34.48888888888889 17
1689894204247 36.08421052631579 18
1689894357299 39.42999999999999 19
