1689891524621 84.39999999999999 0
1689891668396 45.5 1
1689891811959 29.599999999999998 2
1689891956684 23.35 3
1689892100422 18.12 4
1689892247500 14.466666666666667 5
1689892393569 13.542857142857143 6
1689892541197 11.725 7
1689892696572 10.222222222222221 8
1689892846850 9.24 9
1689892994871 7.745454545454546 10
1689893144119 7.3999999999999995 11
1689893294391 6.800000000000001 12
1689893443847 6.571428571428571 13
1689893595007 6.453333333333333 14
1689893746282 5.675 15
1689893898025 5.482352941176471 16
1689894050597 5.222222222222222 17
1689894204234 4.7368421052631575 18
1689894357286 4.640000000000001 19
