1683053590993 91.0 0
1683053715642 69.6 1
1683053843700 71.39999999999999 2
1683053984673 72.6 3
1683054122512 66.60000000000001 4
1683054260369 66.60000000000001 5
1683054401519 61.6 6
1683054543025 54.400000000000006 7
1683054684948 49.6 8
1683054827197 43.6 9
1683054966738 42.6 10
1683055108547 37.6 11
1683055251843 35.4 12
1683055397094 33.0 13
1683055541541 32.6 14
1683055685678 29.799999999999997 15
1683055829600 31.6 16
1683055973601 28.799999999999997 17
1683056114921 27.400000000000002 18
1683056254957 26.6 19
