1683053590987 91.0 0
1683053715637 86.1 1
1683053843695 85.40000000000002 2
1683053984667 86.65 3
1683054122507 86.36 4
1683054260363 87.96666666666665 5
1683054401513 88.22857142857144 6
1683054543019 87.875 7
1683054684941 87.66666666666669 8
1683054827190 86.69999999999999 9
1683054966731 86.47272727272728 10
1683055108540 85.09999999999998 11
1683055251836 84.16923076923078 12
1683055397087 83.67142857142856 13
1683055541534 84.2 14
1683055685671 83.375 15
1683055829593 83.0235294117647 16
1683055973593 83.47777777777776 17
1683056114913 83.32631578947368 18
1683056254949 82.63999999999999 19
