1683053590970 91.0 0
1683053715620 76.0 1
1683053843678 50.599999999999994 2
1683053984650 51.099999999999994 3
1683054122490 50.36 4
1683054260346 52.866666666666674 5
1683054401496 52.0 6
1683054543001 52.474999999999994 7
1683054684924 51.599999999999994 8
1683054827173 50.2 9
1683054966713 48.21818181818182 10
1683055108523 45.56666666666667 11
1683055251829 43.0 12
1683055397079 40.34285714285715 13
1683055541513 39.346666666666664 14
1683055685653 38.1125 15
1683055829575 36.705882352941174 16
1683055973574 36.044444444444444 17
1683056114895 35.199999999999996 18
1683056254931 33.71999999999999 19
