1681811106128 82.8 0
1681811409587 86.8 0
1681811705503 88.26666666666665 0
1681812007897 89.35000000000001 0
1681812312986 89.88 0
1681812613969 90.2 0
1681812923110 90.11428571428571 0
1681813228848 89.4 0
1681813536715 88.02222222222221 0
1681813843057 87.17999999999999 0
1681814155186 87.54545454545455 0
1681814463428 87.8 0
1681814775174 87.63076923076922 0
1681815086512 87.95714285714287 0
1681815403314 87.88000000000001 0
1681815719919 87.6 0
1681816034835 87.17647058823529 0
1681816356556 86.33333333333334 0
1681816680311 84.52631578947367 0
1681817005208 83.38 0
