1681811106116 82.8 0
1681811409575 78.8 0
1681811705492 71.2 0
1681812007886 66.60000000000001 0
1681812312974 63.36 0
1681812613958 55.76666666666667 0
1681812923099 55.6 0
1681813228837 53.025 0
1681813536704 46.6 0
1681813843046 40.18 0
1681814155174 39.163636363636364 0
1681814463416 37.81666666666667 0
1681814775162 34.6 0
1681815086500 32.971428571428575 0
1681815403302 30.826666666666664 0
1681815719908 29.2125 0
1681816034823 31.799999999999994 0
1681816356545 26.67777777777778 0
1681816680300 26.23157894736842 0
1681817005197 26.880000000000003 0
