1708783696112 83.8 0
1708784650884 74.3 1
1708785665042 68.2 2
1708786680505 63.349999999999994 3
1708787696756 63.959999999999994 4
1708788713691 59.5 5
1708789732495 59.94285714285714 6
1708790754618 60.55 7
1708791777254 59.28888888888888 8
1708792801789 59.98 9
1708793827794 59.74545454545455 10
1708794853534 59.53333333333334 11
1708795878322 57.87692307692306 12
1708796904462 58.58571428571428 13
1708797931712 58.786666666666655 14
1708798962060 58.387499999999996 15
1708799993232 55.141176470588235 16
1708801025345 55.22222222222222 17
1708802058674 55.54736842105264 18
1708803093236 56.49000000000001 19
