1708783696100 83.8 0
1708784650871 41.9 1
1708785665029 30.066666666666663 2
1708786680492 30.5 3
1708787696744 28.2 4
1708788713678 25.066666666666666 5
1708789732481 22.857142857142858 6
1708790754605 21.0 7
1708791777240 16.82222222222222 8
1708792801775 15.64 9
1708793827780 14.854545454545455 10
1708794853519 13.433333333333332 11
1708795878306 11.553846153846154 12
1708796904446 12.700000000000001 13
1708797931696 11.866666666666667 14
1708798962044 9.875 15
1708799993216 7.823529411764706 16
1708801025329 8.288888888888888 17
1708802058658 6.894736842105263 18
1708803093219 7.330000000000001 19
