1708863390028 68.0 0
1708866447347 64.8 1
1708869419947 70.19999999999999 2
1708872343271 69.8 3
1708875228529 69.19999999999999 4
1708878077662 67.80000000000001 5
1708880919953 63.4 6
1708883732126 62.4 7
1708886442378 60.4 8
1708889072616 64.8 9
1708891673546 60.0 10
1708894214283 61.0 11
1708896830406 58.599999999999994 12
1708899455837 56.599999999999994 13
1708902015150 54.2 14
1708904606449 52.6 15
1708907201271 52.2 16
1708909784133 52.400000000000006 17
1708912328670 53.2 18
1708914864752 50.8 19
