1708863390015 68.0 0
1708866447329 63.7 1
1708869419925 76.86666666666666 2
1708872343243 77.60000000000001 3
1708875228495 75.28 4
1708878077623 68.4 5
1708880919909 69.97142857142856 6
1708883732074 69.45 7
1708886442321 68.22222222222223 8
1708889072551 68.19999999999999 9
1708891673474 66.72727272727272 10
1708894214204 65.38333333333333 11
1708896830319 63.81538461538461 12
1708899455741 63.9 13
1708902015044 62.226666666666674 14
1708904606332 61.65 15
1708907201144 60.02352941176471 16
1708909783991 60.46666666666667 17
1708912328523 59.06315789473685 18
1708914864594 57.93000000000001 19
