1708863390004 68.0 0
1708866447317 44.6 1
1708869419914 56.93333333333334 2
1708872343232 52.74999999999999 3
1708875228484 48.8 4
1708878077612 35.86666666666667 5
1708880919899 37.05714285714286 6
1708883732062 34.150000000000006 7
1708886442310 30.466666666666665 8
1708889072540 30.080000000000002 9
1708891673463 26.436363636363637 10
1708894214193 23.71666666666667 11
1708896830307 22.861538461538462 12
1708899455729 21.942857142857143 13
1708902015032 20.053333333333335 14
1708904606321 19.125 15
1708907201133 18.470588235294116 16
1708909783975 18.011111111111113 17
1708912328512 16.642105263157898 18
1708914864582 15.319999999999999 19
