1682784117036 93.0 0
1682784424845 68.8 1
1682784733780 64.60000000000001 2
1682785043314 60.199999999999996 3
1682785354211 51.4 4
1682785665409 46.400000000000006 5
1682785976735 55.00000000000001 6
1682786289547 56.00000000000001 7
1682786603306 52.400000000000006 8
1682786917483 37.8 9
1682787230769 48.4 10
1682787546110 42.6 11
1682787861334 44.800000000000004 12
1682788177906 37.6 13
1682788494348 43.6 14
1682788811794 35.199999999999996 15
1682789129587 45.2 16
1682789448432 37.0 17
1682789767997 46.2 18
