1682783809422 84.0 0
1682784117028 71.6 1
1682784424836 64.2 2
1682784733771 68.8 3
1682785043305 64.4 4
1682785354203 62.8 5
1682785665399 61.6 6
1682785976726 57.199999999999996 7
1682786289538 60.199999999999996 8
1682786603297 61.6 9
1682786917473 53.6 10
1682787230759 52.0 11
1682787546100 56.599999999999994 12
1682787861324 53.2 13
1682788177895 48.0 14
1682788494337 48.199999999999996 15
1682788811784 55.2 16
1682789129576 51.0 17
1682789448421 54.400000000000006 18
1682789767932 55.800000000000004 19
