1682783809404 84.0 0
1682784117001 82.3 1
1682784424801 74.06666666666666 2
1682784733727 75.05 3
1682785043251 71.8 4
1682785354139 66.89999999999999 5
1682785665326 68.34285714285714 6
1682785976643 66.15 7
1682786289444 65.3111111111111 8
1682786603192 63.879999999999995 9
1682786917358 59.49090909090909 10
1682787230629 61.383333333333326 11
1682787545958 63.06153846153847 12
1682787861159 59.214285714285715 13
1682788177731 55.919999999999995 14
1682788494161 58.4875 15
1682788811595 57.22352941176471 16
1682789129372 56.20000000000001 17
1682789448203 58.4421052631579 18
1682789767701 62.71 19
