1682783809390 84.0 0
1682784116987 50.4 1
1682784424788 30.0 2
1682784733714 23.849999999999998 3
1682785043238 18.28 4
1682785354125 14.299999999999999 5
1682785665314 13.885714285714286 6
1682785976629 11.85 7
1682786289431 10.333333333333336 8
1682786603179 9.260000000000002 9
1682786917344 7.8 10
1682787230616 7.566666666666667 11
1682787545945 6.923076923076923 12
1682787861143 6.614285714285715 13
1682788177718 6.453333333333333 14
1682788494148 5.7125 15
1682788811581 5.3882352941176475 16
1682789129358 5.288888888888888 17
1682789448189 4.926315789473684 18
1682789767687 4.72 19
