1681783222590 0.0 0
1681783280129 2.0 0
1681783338272 1.3333333333333333 0
1681783396679 4.15 0
1681783455477 3.3200000000000003 0
1681783516334 2.766666666666667 0
1681783576369 3.142857142857143 0
1681783637014 2.75 0
1681783697970 2.4444444444444446 0
1681783759293 2.2 0
1681783821294 2.0 0
1681783884541 1.8333333333333333 0
1681783948188 1.6923076923076923 0
1681784012088 1.5714285714285714 0
1681784077377 1.6 0
1681784142727 1.5 0
1681784208861 1.411764705882353 0
1681784274479 1.3333333333333333 0
1681784341113 1.263157894736842 0
1681784567100 9.190000000000001 0
