1681783222601 20.0 0
1681783280140 20.0 0
1681783338283 19.733333333333334 0
1681783396691 19.8 0
1681783455488 19.84 0
1681783516345 19.866666666666667 0
1681783576380 19.8 0
1681783637025 19.825000000000003 0
1681783697982 19.355555555555558 0
1681783759304 19.42 0
1681783821307 19.490909090909096 0
1681783884554 19.51666666666667 0
1681783948200 19.55384615384616 0
1681784012099 19.000000000000004 0
1681784077388 19.06666666666667 0
1681784142739 19.125 0
1681784208873 18.61176470588235 0
1681784274490 18.688888888888886 0
1681784341125 18.757894736842104 0
1681784567112 43.89 0
