1681116977190 78.8 0
1681117116812 80.80000000000001 0
1681117257095 74.0 0
1681117398001 66.8 0
1681117539505 61.0 0
1681117681343 54.0 0
1681117823688 50.6 0
1681117966215 48.0 0
1681118109189 43.8 0
1681118252519 38.6 0
1681118396260 36.8 0
1681118539473 32.800000000000004 0
1681118683417 34.0 0
1681118827844 30.2 0
1681118971835 29.599999999999998 0
1681119115654 30.599999999999998 0
1681119259314 27.200000000000003 0
1681119402508 24.8 0
1681119546176 23.400000000000002 0
1681119690476 20.8 0
