1681116977182 78.8 0
1681117116803 70.4 0
1681117257074 63.46666666666667 0
1681117397980 57.7 0
1681117539484 55.83999999999999 0
1681117681322 55.53333333333334 0
1681117823678 52.942857142857136 0
1681117966193 50.875 0
1681118109178 49.48888888888889 0
1681118252497 47.32 0
1681118396237 46.58181818181818 0
1681118539457 44.833333333333336 0
1681118683393 43.24615384615385 0
1681118827821 42.44285714285714 0
1681118971812 40.89333333333333 0
1681119115630 39.2625 0
1681119259290 37.74117647058824 0
1681119402481 36.62222222222223 0
1681119546162 36.55789473684211 0
1681119690462 35.09 0
