1681116977186 78.8 0
1681117116807 83.0 0
1681117257090 84.33333333333333 0
1681117397996 84.35000000000001 0
1681117539501 86.03999999999999 0
1681117681338 85.26666666666667 0
1681117823683 85.45714285714284 0
1681117966210 86.05 0
1681118109184 85.37777777777777 0
1681118252514 85.08000000000001 0
1681118396255 84.96363636363637 0
1681118539468 84.51666666666668 0
1681118683412 84.15384615384616 0
1681118827838 83.89999999999999 0
1681118971829 84.22666666666667 0
1681119115647 83.97500000000001 0
1681119259308 84.11764705882354 0
1681119402501 84.07777777777777 0
1681119546169 83.82105263157894 0
1681119690469 83.93999999999998 0
