1681859371571 83.2 0
1681859548529 46.0 0
1681859740555 44.93333333333334 0
1681859933830 47.199999999999996 0
1681860127460 51.67999999999999 0
1681860322492 51.866666666666674 0
1681860517920 50.114285714285714 0
1681860712483 49.2 0
1681860908657 47.64444444444444 0
1681861105701 44.14 0
1681861303094 42.81818181818181 0
1681861500946 42.61666666666667 0
1681861699610 41.04615384615384 0
1681861899000 39.25714285714286 0
1681862099193 38.413333333333334 0
1681862299959 38.3625 0
1681862501960 37.294117647058826 0
1681862705498 35.75555555555556 0
1681862908805 34.31578947368421 0
1681863113018 33.34 0
