1709425254367 62.6 0
1709425669310 58.599999999999994 1
1709426082843 55.2 2
1709426497691 51.6 3
1709426913455 47.8 4
1709427334318 46.800000000000004 5
1709427757450 46.400000000000006 6
1709428177353 46.0 7
1709428596540 44.2 8
1709429015445 40.8 9
1709429435447 43.6 10
1709429852679 41.4 11
1709430272811 36.4 12
1709430692552 38.2 13
1709431116673 37.8 14
1709431540328 40.8 15
1709431958143 40.400000000000006 16
1709432381099 40.0 17
1709432807804 35.6 18
1709433235258 38.800000000000004 19
