1709425254354 62.6 0
1709425669290 62.1 1
1709426082802 60.4 2
1709426497654 56.35 3
1709426913415 55.92 4
1709427334270 53.03333333333333 5
1709427757377 51.142857142857146 6
1709428177287 50.4 7
1709428596465 50.13333333333334 8
1709429015359 48.76 9
1709429435350 47.41818181818182 10
1709429852561 48.03333333333334 11
1709430272693 46.36923076923077 12
1709430692427 44.199999999999996 13
1709431116538 46.013333333333335 14
1709431540175 45.8375 15
1709431957982 45.95294117647058 16
1709432380927 46.577777777777776 17
1709432807617 44.48421052631579 18
1709433235048 44.69 19
