1681821549148 20.200000000000003 0
1681821607466 20.200000000000003 0
1681821666839 20.200000000000003 0
1681821729920 20.200000000000003 0
1681821790434 20.200000000000003 0
1681821850885 20.200000000000003 0
1681821911930 20.200000000000003 0
1681821974272 20.200000000000003 0
1681822036867 20.200000000000003 0
1681822099761 20.200000000000003 0
1681822163541 20.200000000000003 0
1681822228167 20.200000000000003 0
1681822293018 20.200000000000003 0
1681822358492 20.200000000000003 0
1681822424171 20.200000000000003 0
1681822490733 20.200000000000003 0
1681822557797 20.200000000000003 0
1681822625469 20.200000000000003 0
1681822849485 47.0 0
