1681821666849 20.200000000000003 0
1681821729930 20.200000000000003 0
1681821790444 20.200000000000003 0
1681821850896 20.200000000000003 0
1681821911940 20.200000000000003 0
1681821974283 20.200000000000003 0
1681822036879 20.200000000000003 0
1681822099772 20.200000000000003 0
1681822163553 20.200000000000003 0
1681822228179 20.200000000000003 0
1681822293031 20.200000000000003 0
1681822358505 20.200000000000003 0
1681822424184 20.200000000000003 0
1681822490746 20.200000000000003 0
1681822557810 20.200000000000003 0
1681822625484 20.200000000000003 0
1681822849500 53.2 0
