1681821491347 0.4 0
1681821549113 0.2 0
1681821607426 0.13333333333333333 0
1681821666794 0.1 0
1681821729870 0.08 0
1681821790377 0.06666666666666667 0
1681821850823 0.05714285714285715 0
1681821911862 0.05 0
1681821974197 0.044444444444444446 0
1681822036786 0.04 0
1681822099671 0.03636363636363637 0
1681822163445 0.03333333333333333 0
1681822228063 0.03076923076923077 0
1681822292904 0.028571428571428574 0
1681822358372 0.02666666666666667 0
1681822424039 0.15 0
1681822490591 0.1411764705882353 0
1681822557645 0.13333333333333333 0
1681822625308 0.9473684210526315 0
1681822849310 10.92 0
