1681821491358 20.0 0
1681821549125 20.1 0
1681821607438 19.46666666666667 0
1681821666806 19.650000000000002 0
1681821729882 18.720000000000002 0
1681821790390 18.5 0
1681821850835 18.657142857142855 0
1681821911874 18.800000000000004 0
1681821974208 18.95555555555556 0
1681822036797 19.000000000000004 0
1681822099683 19.145454545454548 0
1681822163456 19.250000000000004 0
1681822228074 19.30769230769231 0
1681822292916 19.357142857142858 0
1681822358383 19.4 0
1681822424051 19.4375 0
1681822490603 19.470588235294116 0
1681822557657 19.5 0
1681822625320 19.526315789473685 0
1681822849322 46.7 0
