1682723894247 82.8 0
1682724137315 42.4 0
1682724380379 39.2 0
1682724624805 33.6 0
1682724869905 26.400000000000002 0
1682725115569 23.799999999999997 0
1682725361322 19.400000000000002 0
1682725608106 24.8 0
1682725855276 21.6 0
1682726103113 31.0 0
1682726351602 27.0 0
1682726600872 22.0 0
1682726850559 18.6 0
1682727101494 32.6 0
1682727352201 21.6 0
1682727604026 23.200000000000003 0
1682727856665 14.799999999999999 0
1682728110217 20.599999999999998 0
1682728364479 22.6 0
1682728619308 14.799999999999999 0
