1682723894229 82.8 0
1682724137289 64.7 0
1682724380345 62.06666666666666 0
1682724624761 56.0 0
1682724869852 50.2 0
1682725115507 44.86666666666667 0
1682725361250 49.68571428571429 0
1682725608024 47.75 0
1682725855183 42.44444444444444 0
1682726103009 46.260000000000005 0
1682726351488 44.309090909090905 0
1682726600747 37.216666666666676 0
1682726850424 37.07692307692308 0
1682727101345 40.32857142857142 0
1682727352040 36.64 0
1682727603853 39.825 0
1682727856477 35.01176470588236 0
1682728109982 35.06666666666667 0
1682728364265 35.25263157894737 0
1682728619079 31.359999999999996 0
