1689870748919 90.4 0
1689870890600 46.800000000000004 1
1689871034253 24.4 2
1689871176714 11.799999999999999 3
1689871320420 21.2 4
1689871463440 28.199999999999996 5
1689871607652 14.000000000000002 6
1689871752655 11.600000000000001 7
1689871897713 14.799999999999999 8
1689872043936 13.600000000000001 9
1689872189711 19.6 10
1689872337129 16.6 11
1689872484736 19.400000000000002 12
1689872639814 8.6 13
1689872793231 20.4 14
1689872943671 19.0 15
1689873094011 26.8 16
1689873243696 13.8 17
1689873395045 34.8 18
