1689870608447 81.6 0
1689870748883 70.1 1
1689870890555 54.73333333333333 2
1689871034174 43.25 3
1689871176649 44.2 4
1689871320344 43.26666666666667 5
1689871463355 42.457142857142856 6
1689871607555 37.575 7
1689871752548 33.8 8
1689871897595 36.17999999999999 9
1689872043806 33.38181818181818 10
1689872189571 33.71666666666667 11
1689872336975 29.676923076923078 12
1689872484568 32.77142857142857 13
1689872639633 31.34666666666667 14
1689872793027 30.975 15
1689872943459 31.31764705882353 16
1689873093790 33.211111111111116 17
1689873243455 29.463157894736845 18
1689873394795 29.720000000000006 19
