1689872575015 23.400000000000002 0
1689872578313 23.400000000000002 1
1689872582161 23.400000000000002 2
1689872586802 23.400000000000002 3
1689872592051 23.400000000000002 4
1689872597777 23.400000000000002 5
1689872604256 23.400000000000002 6
1689872611471 23.400000000000002 7
1689872619155 23.400000000000002 8
1689872627365 23.400000000000002 9
1689872637190 23.400000000000002 10
1689872646733 23.400000000000002 11
1689872657372 23.400000000000002 12
1689872668609 23.400000000000002 13
1689872680595 23.400000000000002 14
1689872693044 23.400000000000002 15
1689872706176 23.400000000000002 16
1689872720270 23.400000000000002 17
1689872734865 23.400000000000002 18
1689875388194 92.0 19
