1689872574997 23.400000000000002 0
1689872578286 24.700000000000003 1
1689872582124 23.066666666666666 2
1689872586755 22.65 3
1689872591995 21.96 4
1689872597711 21.633333333333336 5
1689872604180 21.400000000000002 6
1689872611385 21.225 7
1689872619057 21.08888888888889 8
1689872627256 20.98 9
1689872637070 20.89090909090909 10
1689872646601 21.733333333333334 11
1689872657227 21.6 12
1689872668452 21.485714285714288 13
1689872680424 21.386666666666667 14
1689872692861 21.35 15
1689872705979 21.27058823529412 16
1689872720059 21.244444444444447 17
1689872734640 21.189473684210526 18
1689875387951 94.32 19
