1681433010725 84.8 0
1681433096553 62.8 0
1681433189197 62.800000000000004 0
1681433282828 55.45 0
1681433377362 50.4 0
1681433472086 57.13333333333333 0
1681433566149 54.971428571428575 0
1681433661425 55.449999999999996 0
1681433756698 57.199999999999996 0
1681433853314 51.6 0
1681433949867 50.43636363636363 0
1681434046488 51.883333333333326 0
1681434144377 51.70769230769232 0
1681434241815 53.17142857142857 0
1681434340290 55.29333333333334 0
1681434438885 48.45 0
1681434537498 48.71764705882353 0
1681434637169 50.03333333333333 0
1681434737329 52.31578947368421 0
1681434837254 54.08 0
