1681433010709 84.8 0
1681433096536 39.0 0
1681433189180 29.133333333333336 0
1681433282811 21.349999999999998 0
1681433377345 18.520000000000003 0
1681433472069 14.533333333333333 0
1681433566132 12.457142857142857 0
1681433661408 11.225 0
1681433756682 9.777777777777779 0
1681433853297 9.22 0
1681433949850 8.272727272727273 0
1681434046471 7.616666666666667 0
1681434144360 7.230769230769232 0
1681434241797 6.4 0
1681434340273 5.946666666666667 0
1681434438867 5.575 0
1681434537480 5.3882352941176475 0
1681434637151 5.122222222222223 0
1681434737311 5.042105263157896 0
1681434837247 5.790000000000001 0
