1689892568405 23.400000000000002 0
1689892571637 23.400000000000002 1
1689892575553 23.400000000000002 2
1689892580228 23.400000000000002 3
1689892585465 23.400000000000002 4
1689892591521 23.400000000000002 5
1689892598135 23.400000000000002 6
1689892605441 23.400000000000002 7
1689892613458 23.400000000000002 8
1689892621883 23.400000000000002 9
1689892631251 23.400000000000002 10
1689892641411 23.400000000000002 11
1689892651989 23.400000000000002 12
1689892663425 23.400000000000002 13
1689892675315 23.400000000000002 14
1689892688248 23.400000000000002 15
1689892702214 23.400000000000002 16
1689892716302 23.400000000000002 17
1689892731134 23.400000000000002 18
1689895401338 90.0 19
