1689892568386 23.400000000000002 0
1689892571609 24.700000000000003 1
1689892575515 23.066666666666666 2
1689892580180 22.65 3
1689892585408 21.96 4
1689892591453 21.633333333333336 5
1689892598056 21.400000000000002 6
1689892605351 21.225 7
1689892613358 21.08888888888889 8
1689892621771 20.98 9
1689892631127 20.89090909090909 10
1689892641275 21.733333333333334 11
1689892651840 21.6 12
1689892663264 21.485714285714288 13
1689892675121 21.386666666666667 14
1689892688059 21.35 15
1689892702011 21.27058823529412 16
1689892716086 21.244444444444447 17
1689892730902 21.189473684210526 18
1689895401089 93.25 19
