1708606662137 68.60000000000001 0
1708606949287 40.400000000000006 1
1708607236929 17.4 2
1708607525120 18.0 3
1708607814621 14.2 4
1708608104280 13.600000000000001 5
1708608394857 10.4 6
1708608685441 6.800000000000001 7
1708608976724 8.0 8
1708609269134 9.8 9
1708609569280 8.799999999999999 10
1708609870941 14.799999999999999 11
1708610173952 9.2 12
1708610477135 6.800000000000001 13
1708610781251 5.4 14
1708611085941 11.600000000000001 15
1708611391458 12.2 16
1708611699791 9.0 17
1708612008191 9.0 18
1708612317365 7.3999999999999995 19
