1708606662111 68.60000000000001 0
1708606949255 40.6 1
1708607236892 26.266666666666666 2
1708607525084 17.299999999999997 3
1708607814573 14.959999999999999 4
1708608104222 11.666666666666666 5
1708608394792 10.028571428571427 6
1708608685373 9.475 7
1708608976647 9.066666666666668 8
1708609269049 7.1 9
1708609569187 5.454545454545454 10
1708609870851 5.683333333333334 11
1708610173839 5.923076923076923 12
1708610477023 6.271428571428571 13
1708610781120 4.7733333333333325 14
1708611085801 3.375 15
1708611391308 4.458823529411765 16
1708611699638 4.422222222222222 17
1708612008018 4.136842105263159 18
1708612317179 3.7299999999999995 19
