1708606662128 68.60000000000001 0
1708606949272 60.800000000000004 1
1708607236909 41.86666666666667 2
1708607525090 36.3 3
1708607814590 33.839999999999996 4
1708608104240 28.733333333333334 5
1708608394810 24.342857142857145 6
1708608685390 25.174999999999997 7
1708608976664 26.22222222222222 8
1708609269066 22.16 9
1708609569205 20.50909090909091 10
1708609870858 21.900000000000002 11
1708610173856 21.63076923076923 12
1708610477030 23.585714285714285 13
1708610781138 19.14666666666667 14
1708611085819 17.875 15
1708611391326 20.04705882352941 16
1708611699646 22.755555555555556 17
1708612008037 20.905263157894737 18
1708612317197 20.74 19
