1708631556432 68.60000000000001 0
1708631981247 30.8 1
1708632405684 19.6 2
1708632831248 27.800000000000004 3
1708633257383 12.6 4
1708633683743 13.200000000000001 5
1708634111288 18.4 6
1708634539124 10.8 7
1708634967983 23.200000000000003 8
1708635397663 11.200000000000001 9
1708635828473 20.599999999999998 10
1708636259524 13.8 11
1708636691329 20.599999999999998 12
1708637127258 15.0 13
1708637565495 13.600000000000001 14
1708638006078 11.600000000000001 15
1708638440805 7.8 16
1708638875814 7.000000000000001 17
1708639311590 9.6 18
