1708631130739 84.0 0
1708631556373 34.300000000000004 1
1708631981172 19.933333333333334 2
1708632405598 15.5 3
1708632831149 17.2 4
1708633257270 12.633333333333333 5
1708633683609 11.085714285714287 6
1708634111148 10.65 7
1708634538965 8.533333333333333 8
1708634967802 8.72 9
1708635397459 6.072727272727272 10
1708635828265 6.25 11
1708636259296 5.523076923076923 12
1708636691080 6.271428571428571 13
1708637126990 6.053333333333333 14
1708637565193 5.0625 15
1708638005770 4.752941176470589 16
1708638440475 4.944444444444445 17
1708638875466 3.431578947368421 18
1708639311211 3.71 19
