1708631130751 84.0 0
1708631556385 49.5 1
1708631981186 36.666666666666664 2
1708632405611 31.55 3
1708632831161 39.72 4
1708633257283 30.133333333333336 5
1708633683622 28.48571428571429 6
1708634111161 28.250000000000004 7
1708634538979 24.200000000000003 8
1708634967816 29.26 9
1708635397473 22.018181818181816 10
1708635828280 25.816666666666666 11
1708636259310 22.138461538461538 12
1708636691096 23.099999999999998 13
1708637127005 22.45333333333333 14
1708637565208 20.0375 15
1708638005786 18.38823529411765 16
1708638440491 19.833333333333332 17
1708638875482 16.621052631578948 18
1708639311228 17.7 19
