1708774875992 11.799999999999999 0
1708774885267 11.799999999999999 1
1708774895259 11.799999999999999 2
1708774906010 11.799999999999999 3
1708774917594 11.799999999999999 4
1708774929954 11.799999999999999 5
1708774942983 11.799999999999999 6
1708774956663 11.799999999999999 7
1708774971224 11.799999999999999 8
1708774986472 11.799999999999999 9
1708775002379 11.799999999999999 10
1708775019150 11.799999999999999 11
1708775036841 11.799999999999999 12
1708775055247 11.799999999999999 13
1708775074497 11.799999999999999 14
1708775094874 11.799999999999999 15
1708775116268 11.799999999999999 16
1708775138803 11.799999999999999 17
1708775162737 11.799999999999999 18
1708785038119 88.0 19
