1708774875952 0.0 0
1708774885214 0.0 1
1708774895190 0.0 2
1708774905929 0.0 3
1708774917497 1.2 4
1708774929840 1.0 5
1708774942851 0.8571428571428571 6
1708774956519 0.75 7
1708774971063 0.6666666666666666 8
1708774986286 0.6 9
1708775002180 0.6 10
1708775018925 0.5499999999999999 11
1708775036602 0.5076923076923077 12
1708775054991 0.4714285714285714 13
1708775074208 0.44 14
1708775094567 0.4125 15
1708775115948 0.388235294117647 16
1708775138458 0.36666666666666664 17
1708775162362 0.34736842105263155 18
1708785037717 58.029999999999994 19
