1708774875966 11.799999999999999 0
1708774885227 10.399999999999999 1
1708774895203 10.266666666666666 2
1708774905942 10.149999999999999 3
1708774917511 10.12 4
1708774929854 10.1 5
1708774942866 10.085714285714285 6
1708774956534 10.075 7
1708774971078 9.977777777777778 8
1708774986303 9.98 9
1708775002195 9.981818181818182 10
1708775018941 9.85 11
1708775036618 9.830769230769231 12
1708775055008 9.828571428571427 13
1708775074226 9.84 14
1708775094584 9.95 15
1708775115965 9.976470588235294 16
1708775138475 9.966666666666667 17
1708775162381 9.978947368421052 18
1708785037736 87.73 19
