1681765417193 81.0 0
1681765591272 87.1 0
1681765767077 81.53333333333333 0
1681765942517 84.95 0
1681766118831 86.12 0
1681766296992 82.86666666666667 0
1681766476891 84.4857142857143 0
1681766655724 83.825 0
1681766832974 85.5111111111111 0
1681767012978 85.36 0
1681767192891 85.94545454545454 0
1681767375339 84.98333333333333 0
1681767555630 85.47692307692309 0
1681767736698 85.64285714285714 0
1681767918625 83.94666666666667 0
1681768099658 84.4125 0
1681768287343 83.34117647058824 0
1681768468983 83.67777777777778 0
1681768653927 82.90526315789474 0
1681768836126 83.75 0
