1681765417183 81.0 0
1681765591262 77.19999999999999 0
1681765767066 66.0 0
1681765942506 62.60000000000001 0
1681766118821 60.760000000000005 0
1681766296981 55.866666666666674 0
1681766476879 52.91428571428572 0
1681766655713 49.625 0
1681766832966 50.04444444444445 0
1681767012966 46.2 0
1681767192879 45.763636363636365 0
1681767375328 43.38333333333333 0
1681767555619 42.33846153846154 0
1681767736687 40.971428571428575 0
1681767918613 39.559999999999995 0
1681768099646 38.375 0
1681768287332 36.01176470588235 0
1681768468971 35.33333333333333 0
1681768653916 33.43157894736842 0
1681768836115 32.48 0
