1681120322385 78.8 0
1681120459568 80.80000000000001 0
1681120597598 74.0 0
1681120736832 66.8 0
1681120874615 61.0 0
1681121013531 54.0 0
1681121152719 50.6 0
1681121292716 48.0 0
1681121432264 43.8 0
1681121572217 38.6 0
1681121712720 36.8 0
1681121853346 32.800000000000004 0
1681121994848 34.0 0
1681122136077 30.2 0
1681122278020 29.599999999999998 0
1681122420506 30.599999999999998 0
1681122563879 27.200000000000003 0
1681122706408 24.8 0
1681122849080 23.400000000000002 0
1681122992750 20.8 0
