1681120322381 78.8 0
1681120459564 83.0 0
1681120597594 84.33333333333333 0
1681120736827 84.35000000000001 0
1681120874611 86.03999999999999 0
1681121013526 85.26666666666667 0
1681121152714 85.45714285714284 0
1681121292711 86.05 0
1681121432260 85.37777777777777 0
1681121572212 85.08000000000001 0
1681121712715 84.96363636363637 0
1681121853340 84.51666666666668 0
1681121994842 84.15384615384616 0
1681122136070 83.89999999999999 0
1681122278014 84.22666666666667 0
1681122420500 83.97500000000001 0
1681122563873 84.11764705882354 0
1681122706402 84.07777777777777 0
1681122849073 83.82105263157894 0
1681122992743 83.93999999999998 0
