1681120322364 78.8 0
1681120459547 70.4 0
1681120597577 63.46666666666667 0
1681120736823 57.7 0
1681120874594 55.83999999999999 0
1681121013509 55.53333333333334 0
1681121152698 52.942857142857136 0
1681121292695 50.875 0
1681121432243 49.48888888888889 0
1681121572195 47.32 0
1681121712698 46.58181818181818 0
1681121853323 44.833333333333336 0
1681121994825 43.24615384615385 0
1681122136052 42.44285714285714 0
1681122278008 40.89333333333333 0
1681122420493 39.2625 0
1681122563855 37.74117647058824 0
1681122706384 36.62222222222223 0
1681122849066 36.55789473684211 0
1681122992725 35.09 0
