1708793225018 59.599999999999994 0
1708794686207 33.4 1
1708796146013 27.800000000000004 2
1708797607176 24.4 3
1708799069418 4.3999999999999995 4
1708800532742 20.0 5
1708801995761 19.2 6
1708803460017 19.6 7
1708804924343 22.400000000000002 8
1708806389471 15.8 9
1708807852916 14.399999999999999 10
1708809316359 11.200000000000001 11
1708810779571 12.6 12
1708812242481 11.200000000000001 13
1708813706631 11.200000000000001 14
1708815171317 8.799999999999999 15
1708816637865 6.6000000000000005 16
1708818106325 8.6 17
