1708790301281 86.2 0
1708791761903 78.8 1
1708793225032 75.2 2
1708794686235 77.2 3
1708796146056 73.6 4
1708797607233 67.60000000000001 5
1708799069496 57.599999999999994 6
1708800532833 64.8 7
1708801995862 64.2 8
1708803460142 65.2 9
1708804924483 65.8 10
1708806389629 62.8 11
1708807853090 60.199999999999996 12
1708809316557 57.99999999999999 13
1708810779784 57.599999999999994 14
1708812242721 57.4 15
1708813706894 55.800000000000004 16
1708815171599 51.0 17
1708816638162 49.4 18
1708818106682 48.6 19
