1708790301238 86.2 0
1708791761845 67.9 1
1708793224964 53.46666666666666 2
1708794686151 51.8 3
1708796145956 46.120000000000005 4
1708797607119 39.333333333333336 5
1708799069358 19.45714285714286 6
1708800532678 32.975 7
1708801995702 30.377777777777776 8
1708803459954 30.380000000000003 9
1708804924281 29.200000000000003 10
1708806389408 23.666666666666668 11
1708807852854 22.415384615384614 12
1708809316294 20.428571428571427 13
1708810779506 20.61333333333333 14
1708812242413 17.6875 15
1708813706562 16.423529411764704 16
1708815171240 18.044444444444444 17
1708816637793 16.36842105263158 18
1708818106246 12.220000000000002 19
