1708790301252 86.2 0
1708791761859 79.4 1
1708793224978 70.93333333333334 2
1708794686165 75.45 3
1708796145971 72.6 4
1708797607133 69.60000000000001 5
1708799069373 53.542857142857144 6
1708800532694 67.125 7
1708801995717 66.35555555555555 8
1708803459970 66.78 9
1708804924296 67.10909090909091 10
1708806389424 64.81666666666666 11
1708807852869 61.73846153846155 12
1708809316310 60.90000000000001 13
1708810779522 60.319999999999986 14
1708812242430 57.5125 15
1708813706580 58.02352941176471 16
1708815171259 58.566666666666656 17
1708816637811 57.673684210526325 18
1708818106267 52.260000000000005 19
