1689861144756 23.400000000000002 0
1689861148034 24.700000000000003 1
1689861151923 23.066666666666666 2
1689861156415 22.65 3
1689861161397 21.96 4
1689861167094 21.633333333333336 5
1689861173437 21.400000000000002 6
1689861180404 21.225 7
1689861188029 21.08888888888889 8
1689861196624 20.98 9
1689861205679 20.89090909090909 10
1689861216425 21.733333333333334 11
1689861226984 21.6 12
1689861238164 21.485714285714288 13
1689861249852 21.386666666666667 14
1689861262351 21.35 15
1689861275786 21.27058823529412 16
1689861289505 21.244444444444447 17
1689861304386 21.189473684210526 18
1689863946593 93.23999999999998 19
