1708653829807 67.4 0
1708654532557 65.4 1
1708655241610 63.0 2
1708655960711 64.0 3
1708656682760 62.6 4
1708657405241 60.199999999999996 5
1708658129354 59.4 6
1708658849037 55.800000000000004 7
1708659571411 54.800000000000004 8
1708660302197 51.0 9
1708661027369 45.800000000000004 10
1708661764672 44.6 11
1708662496255 49.0 12
1708663233222 45.800000000000004 13
1708663966942 45.4 14
1708664701400 35.199999999999996 15
1708665443350 34.8 16
1708666181941 32.4 17
1708666919476 36.6 18
1708667668638 36.6 19
