1708653829769 67.4 0
1708654532505 51.9 1
1708655241540 43.666666666666664 2
1708655960632 34.7 3
1708656682667 27.439999999999998 4
1708657405127 27.899999999999995 5
1708658129232 19.199999999999996 6
1708658848898 19.400000000000002 7
1708659571256 17.6 8
1708660302028 16.380000000000003 9
1708661027174 12.600000000000001 10
1708661764464 11.0 11
1708662496027 10.384615384615385 12
1708663232977 10.1 13
1708663966679 10.013333333333332 14
1708664701091 6.275 15
1708665443042 6.529411764705882 16
1708666181605 7.322222222222223 17
1708666919118 6.842105263157895 18
1708667668232 6.49 19
