1708653829782 67.4 0
1708654532519 72.9 1
1708655241554 72.2 2
1708655960645 75.1 3
1708656682681 75.52000000000001 4
1708657405142 76.03333333333333 5
1708658129245 76.62857142857142 6
1708658848913 75.52499999999999 7
1708659571271 74.0888888888889 8
1708660302042 71.28 9
1708661027190 61.054545454545455 10
1708661764479 62.56666666666666 11
1708662496043 64.24615384615385 12
1708663232993 63.77142857142858 13
1708663966695 63.57333333333334 14
1708664701108 47.375 15
1708665443060 51.517647058823535 16
1708666181622 46.97777777777778 17
1708666919135 47.126315789473686 18
1708667668251 49.72 19
