1690024479140 84.8 0
1690024790115 50.0 1
1690025099493 37.2 2
1690025410693 23.200000000000003 3
1690025723173 18.8 4
1690026035730 20.0 5
1690026357367 16.6 6
1690026671954 17.599999999999998 7
1690026995028 16.8 8
1690027310845 11.600000000000001 9
1690027625835 15.4 10
1690027942220 12.2 11
1690028258933 13.200000000000001 12
1690028578119 10.6 13
1690028896094 5.800000000000001 14
1690029216790 6.0 15
1690029535712 3.4000000000000004 16
1690029860625 7.000000000000001 17
1690030180121 3.2 18
1690030505281 4.3999999999999995 19
