1690024479130 84.8 0
1690024790106 86.19999999999999 1
1690025099482 85.0 2
1690025410683 85.15 3
1690025723163 83.28 4
1690026035720 82.26666666666667 5
1690026357357 82.31428571428572 6
1690026671943 80.82499999999999 7
1690026995018 79.71111111111112 8
1690027310834 80.38 9
1690027625824 78.1090909090909 10
1690027942206 76.61666666666667 11
1690028258922 75.79999999999998 12
1690028578107 74.4857142857143 13
1690028896082 74.97333333333333 14
1690029216779 74.8625 15
1690029535700 74.61176470588235 16
1690029860613 73.23333333333332 17
1690030180109 72.56842105263159 18
1690030505268 73.75 19
