1708706376294 1.2 0
1708708193892 33.4 1
1708710015391 50.2 2
1708711838595 54.2 3
1708713660620 47.4 4
1708715483192 38.4 5
1708717302267 34.4 6
1708719124612 29.599999999999998 7
1708720944477 21.4 8
1708722766662 15.4 9
1708724592343 15.6 10
1708726416873 11.799999999999999 11
1708728244463 11.799999999999999 12
1708730072468 11.200000000000001 13
1708731902109 8.0 14
1708733733260 8.200000000000001 15
1708735564757 7.199999999999999 16
1708737395245 6.6000000000000005 17
1708739226427 4.3999999999999995 18
