1708704620813 84.0 0
1708706376268 77.3 1
1708708193867 74.46666666666665 2
1708710015366 75.80000000000001 3
1708711838569 76.76 4
1708713660593 75.83333333333333 5
1708715483165 74.57142857142857 6
1708717302240 73.175 7
1708719124584 72.5111111111111 8
1708720944446 71.58 9
1708722766633 70.7090909090909 10
1708724592314 69.9 11
1708726416843 67.21538461538464 12
1708728244433 66.92857142857142 13
1708730072437 66.76 14
1708731902077 66.4375 15
1708733733228 65.84705882352942 16
1708735564725 65.76666666666667 17
1708737395211 65.2421052631579 18
1708739226393 64.45000000000002 19
