1708704620800 84.0 0
1708706376256 41.4 1
1708708193855 40.53333333333333 2
1708710015353 41.75 3
1708711838555 42.0 4
1708713660580 41.76666666666667 5
1708715483152 39.314285714285724 6
1708717302226 38.375 7
1708719124570 37.46666666666666 8
1708720944428 35.14 9
1708722766618 32.800000000000004 10
1708724592299 30.83333333333333 11
1708726416828 27.53846153846154 12
1708728244418 26.685714285714283 13
1708730072422 25.946666666666665 14
1708731902062 25.25 15
1708733733213 24.03529411764706 16
1708735564708 23.077777777777776 17
1708737395194 21.97894736842105 18
1708739226377 20.81 19
