1681382645048 83.8 0
1681382804977 72.2 0
1681382982765 55.400000000000006 0
1681383162694 65.2 0
1681383342698 61.6 0
1681383521481 43.6 0
1681383701552 51.800000000000004 0
1681383883163 60.0 0
1681384064220 53.0 0
1681384244696 59.4 0
1681384424945 56.99999999999999 0
1681384607779 58.599999999999994 0
1681384790341 54.800000000000004 0
1681384974005 58.199999999999996 0
1681385158490 52.400000000000006 0
1681385341702 51.4 0
1681385527199 51.4 0
1681385712079 56.599999999999994 0
1681385896003 52.400000000000006 0
1681386081707 49.0 0
