1681382804981 70.0 0
1681382982772 58.4 0
1681383162699 61.0 0
1681383342703 57.199999999999996 0
1681383521486 62.0 0
1681383701557 57.99999999999999 0
1681383883168 63.0 0
1681384064225 52.6 0
1681384244701 59.0 0
1681384424951 56.00000000000001 0
1681384607785 55.00000000000001 0
1681384790347 55.400000000000006 0
1681384974011 54.800000000000004 0
1681385158497 52.800000000000004 0
1681385341709 52.6 0
1681385527206 47.199999999999996 0
1681385712086 46.6 0
1681385896010 51.2 0
1681386081715 50.2 0
