1681382645037 83.8 0
1681382804963 71.1 0
1681382982747 64.73333333333333 0
1681383162671 70.64999999999999 0
1681383342669 69.84 0
1681383521448 68.39999999999999 0
1681383701512 71.05714285714286 0
1681383883118 74.075 0
1681384064169 71.55555555555554 0
1681384244638 73.67999999999999 0
1681384424879 73.78181818181817 0
1681384607707 74.86666666666666 0
1681384790259 75.78461538461536 0
1681384973914 75.61428571428571 0
1681385158394 73.88000000000001 0
1681385341591 71.67500000000001 0
1681385527080 71.98823529411764 0
1681385711949 72.46666666666668 0
1681385895866 73.21052631578948 0
1681386081553 72.4 0
