1681382645020 83.8 0
1681382804947 36.1 0
1681382982743 20.6 0
1681383162666 23.8 0
1681383342652 21.759999999999998 0
1681383521431 18.96666666666667 0
1681383701495 16.8 0
1681383883101 25.074999999999996 0
1681384064152 18.044444444444444 0
1681384244621 22.74 0
1681384424873 16.963636363636365 0
1681384607690 17.916666666666668 0
1681384790241 17.215384615384615 0
1681384973896 15.314285714285715 0
1681385158377 15.413333333333334 0
1681385341574 13.662500000000001 0
1681385527062 12.905882352941175 0
1681385711929 13.8 0
1681385895848 12.905263157894737 0
1681386081546 12.990000000000004 0
