1679519531490 86.0 0
1679520707516 79.80000000000001 0
1679521883757 72.0 0
1679523059130 70.19999999999999 0
1679524236191 71.8 0
1679525412113 63.800000000000004 0
1679526620038 61.0 0
1679527832499 58.4 0
1679529010858 60.0 0
1679530189455 60.6 0
1679531369538 53.800000000000004 0
1679532548828 59.8 0
1679533731327 53.400000000000006 0
1679534913049 54.400000000000006 0
1679536095073 52.800000000000004 0
1679537276938 50.4 0
1679538459659 50.8 0
1679539644145 53.400000000000006 0
1679540827389 53.400000000000006 0
