1679518356920 79.4 0
1679519531458 61.4 0
1679520707478 41.46666666666666 0
1679521883716 34.3 0
1679523059094 27.32 0
1679524236138 25.03333333333333 0
1679525412067 21.599999999999998 0
1679526619986 20.225 0
1679527832417 16.422222222222224 0
1679529010782 14.86 0
1679530189382 13.109090909090911 0
1679531369443 12.666666666666666 0
1679532548727 11.2 0
1679533731218 10.914285714285715 0
1679534912931 10.0 0
1679536094949 9.349999999999998 0
1679537276800 8.164705882352942 0
1679538459524 6.822222222222223 0
1679539643990 7.084210526315789 0
1679540827233 6.609999999999999 0
