1679518356925 79.4 0
1679519531464 78.0 0
1679520707495 73.86666666666667 0
1679521883732 71.35000000000001 0
1679523059099 68.08000000000001 0
1679524236155 68.36666666666666 0
1679525412072 65.28571428571429 0
1679526619990 64.125 0
1679527832434 62.53333333333333 0
1679529010799 62.32000000000001 0
1679530189387 61.61818181818182 0
1679531369460 60.73333333333334 0
1679532548744 60.87692307692308 0
1679533731235 58.58571428571428 0
1679534912949 57.53333333333333 0
1679536094966 57.7875 0
1679537276818 55.72941176470588 0
1679538459530 55.0 0
1679539644008 54.578947368421055 0
1679540827240 54.760000000000005 0
