1679315929224 77.4 0
1679316059920 66.80000000000001 0
1679316191520 63.666666666666664 0
1679316321750 59.7 0
1679316452935 56.96 0
1679316585612 56.666666666666664 0
1679316715908 55.25714285714286 0
1679316846383 52.925 0
1679316976490 50.4 0
1679317107405 48.58 0
1679317238576 47.218181818181826 0
1679317370085 45.99999999999999 0
1679317502240 43.93846153846154 0
1679317634780 43.00000000000001 0
1679317767378 40.42666666666667 0
1679317900688 38.900000000000006 0
1679318034346 38.22352941176471 0
1679318167684 37.577777777777776 0
1679318301562 35.67368421052632 0
1679318436512 34.45 0
