1679315929240 77.4 0
1679316059936 81.6 0
1679316191537 87.2 0
1679316321767 86.65 0
1679316452951 86.96 0
1679316585628 87.26666666666665 0
1679316715925 86.77142857142857 0
1679316846399 87.0 0
1679316976507 87.04444444444444 0
1679317107422 86.46000000000001 0
1679317238581 86.45454545454545 0
1679317370102 86.15000000000002 0
1679317502257 85.41538461538461 0
1679317634797 84.95714285714284 0
1679317767384 83.48 0
1679317900705 84.36249999999998 0
1679318034353 84.95294117647059 0
1679318167705 84.07777777777777 0
1679318301580 83.90526315789472 0
1679318436530 84.21999999999998 0
