1708829238538 67.4 0
1708830207792 71.6 1
1708831235918 72.0 2
1708832268235 68.0 3
1708833318065 65.0 4
1708834353224 64.60000000000001 5
1708835389687 58.8 6
1708836418545 59.599999999999994 7
1708837454255 56.599999999999994 8
1708838488571 54.2 9
1708839540115 61.8 10
1708840588397 61.4 11
1708841637719 62.6 12
1708842695409 62.0 13
1708843774224 62.8 14
1708844847639 61.8 15
1708845917850 57.99999999999999 16
1708846981035 56.39999999999999 17
1708848047245 55.2 18
1708849120363 55.400000000000006 19
