1708829238507 67.4 0
1708830207748 72.1 1
1708831235856 75.8 2
1708832268159 74.75 3
1708833317971 74.52 4
1708834353112 74.86666666666666 5
1708835389555 73.11428571428571 6
1708836418406 73.7 7
1708837454090 71.68888888888888 8
1708838488384 70.4 9
1708839539909 66.9090909090909 10
1708840588161 62.48333333333333 11
1708841637469 62.01538461538462 12
1708842695133 61.5857142857143 13
1708843773926 61.599999999999994 14
1708844847304 62.8625 15
1708845917504 63.470588235294116 16
1708846980689 64.2 17
1708848046863 64.36842105263158 18
1708849119938 65.19000000000001 19
