1708829238491 67.4 0
1708830207733 47.8 1
1708831235841 49.199999999999996 2
1708832268143 40.099999999999994 3
1708833317955 31.679999999999996 4
1708834353096 26.53333333333333 5
1708835389538 26.771428571428572 6
1708836418390 22.675000000000004 7
1708837454073 20.488888888888887 8
1708838488365 17.18 9
1708839539892 14.345454545454546 10
1708840588142 13.200000000000001 11
1708841637451 12.892307692307693 12
1708842695114 12.114285714285716 13
1708843773907 11.293333333333331 14
1708844847284 11.162500000000001 15
1708845917484 11.658823529411764 16
1708846980671 10.322222222222223 17
1708848046844 9.947368421052632 18
1708849119918 9.8 19
