1681800845404 83.6 0
1681801021612 83.0 0
1681801212585 80.80000000000001 0
1681801403794 78.2 0
1681801596262 70.8 0
1681801786318 60.6 0
1681801979325 53.800000000000004 0
1681802181415 48.4 0
1681802389497 40.8 0
1681802599736 39.6 0
1681802808627 36.199999999999996 0
1681803020973 35.199999999999996 0
1681803232795 34.599999999999994 0
1681803446527 30.0 0
1681803648070 27.800000000000004 0
1681803846104 24.2 0
1681804047780 21.2 0
1681804248764 17.8 0
1681804451335 14.399999999999999 0
1681804654079 14.000000000000002 0
