1681800845386 83.6 0
1681801021587 41.9 0
1681801212567 48.80000000000001 0
1681801403777 50.6 0
1681801596245 51.239999999999995 0
1681801786305 50.73333333333333 0
1681801979307 49.0 0
1681802181395 48.05 0
1681802389477 46.711111111111116 0
1681802599717 45.92 0
1681802808607 43.58181818181818 0
1681803020954 43.28333333333333 0
1681803232776 41.64615384615385 0
1681803446508 41.28571428571428 0
1681803648052 40.8 0
1681803846085 39.5 0
1681804047763 38.2235294117647 0
1681804248745 36.43333333333333 0
1681804451315 34.64210526315789 0
1681804654056 33.0 0
