1681800845397 83.6 0
1681801021602 82.69999999999999 0
1681801212578 81.66666666666667 0
1681801403788 81.8 0
1681801596256 83.11999999999999 0
1681801786313 83.89999999999999 0
1681801979318 83.97142857142858 0
1681802181407 84.175 0
1681802389489 84.77777777777777 0
1681802599728 85.02 0
1681802808619 84.14545454545456 0
1681803020965 84.36666666666666 0
1681803232787 84.46153846153848 0
1681803446520 84.37142857142855 0
1681803648063 83.68000000000002 0
1681803846096 83.76249999999999 0
1681804047773 82.69411764705882 0
1681804248757 82.08888888888887 0
1681804451327 82.0 0
1681804654069 81.85999999999999 0
