1681830045496 80.60000000000001 0
1681830369106 87.69999999999999 0
1681830688960 88.60000000000001 0
1681831013951 87.55000000000001 0
1681831341250 89.6 0
1681831665510 90.10000000000001 0
1681831993999 90.57142857142857 0
1681832325895 90.15 0
1681832658657 89.77777777777777 0
1681832989962 87.97999999999999 0
1681833327304 87.92727272727274 0
1681833664546 88.89999999999999 0
1681833998331 88.29230769230767 0
1681834313892 88.57142857142858 0
1681834634172 88.34666666666666 0
1681834955212 87.6625 0
1681835276030 87.50588235294117 0
1681835602712 86.95555555555556 0
1681835931887 86.66315789473686 0
1681836262537 86.57000000000001 0
