1681830045484 80.60000000000001 0
1681830369091 76.5 0
1681830688942 72.8 0
1681831013939 64.65 0
1681831341238 58.92 0
1681831665498 56.866666666666674 0
1681831993988 49.65714285714286 0
1681832325884 48.225 0
1681832658646 45.91111111111111 0
1681832989950 43.220000000000006 0
1681833327295 39.345454545454544 0
1681833664527 39.583333333333336 0
1681833998319 38.338461538461544 0
1681834313880 34.58571428571429 0
1681834634163 32.46666666666666 0
1681834955200 30.6125 0
1681835276018 28.03529411764706 0
1681835602698 26.466666666666665 0
1681835931875 24.83157894736842 0
1681836262526 21.97 0
