1682832818115 80.4 0
1682833122678 68.60000000000001 1
1682833427783 65.60000000000001 2
1682833733312 64.60000000000001 3
1682834040393 60.0 4
1682834348382 56.599999999999994 5
1682834656523 60.199999999999996 6
1682834965250 46.2 7
1682835275124 49.0 8
1682835585048 55.00000000000001 9
1682835895679 55.60000000000001 10
1682836206820 53.400000000000006 11
1682836518076 59.0 12
1682836830743 54.400000000000006 13
1682837143891 50.0 14
1682837457876 43.4 15
1682837772265 53.800000000000004 16
1682838087623 36.4 17
1682838402608 48.6 18
1682838719167 48.8 19
