1682832818097 80.4 0
1682833122652 77.80000000000001 1
1682833427727 68.33333333333333 2
1682833733267 65.8 3
1682834040339 62.040000000000006 4
1682834348318 62.76666666666666 5
1682834656449 62.54285714285714 6
1682834965165 55.325 7
1682835275029 55.53333333333334 8
1682835584942 57.0 9
1682835895562 50.690909090909095 10
1682836206691 56.06666666666666 11
1682836517937 56.15384615384616 12
1682836830590 51.84285714285715 13
1682837143726 48.50666666666667 14
1682837457697 46.787499999999994 15
1682837772072 47.97647058823529 16
1682838087419 47.52222222222222 17
1682838402386 47.0421052631579 18
1682838718934 50.69 19
