1682832818084 80.4 0
1682833122639 45.4 1
1682833427714 28.333333333333332 2
1682833733253 22.8 3
1682834040327 17.48 4
1682834348304 14.666666666666666 5
1682834656435 13.371428571428572 6
1682834965151 11.650000000000002 7
1682835275016 9.844444444444443 8
1682835584929 9.06 9
1682835895550 7.6909090909090905 10
1682836206678 7.25 11
1682836517924 6.676923076923076 12
1682836830577 6.514285714285714 13
1682837143712 6.306666666666667 14
1682837457682 5.3125 15
1682837772058 5.352941176470588 16
1682838087405 5.022222222222222 17
1682838402373 4.589473684210526 18
1682838718920 4.54 19
