1708649370556 68.2 0
1708650323021 61.6 1
1708651277319 45.800000000000004 2
1708652230196 39.0 3
1708653187738 32.0 4
1708654144878 23.599999999999998 5
1708655100125 20.0 6
1708656059682 15.8 7
1708657016615 17.599999999999998 8
1708657971181 14.6 9
1708658931779 11.4 10
1708659896862 10.6 11
1708660864502 6.6000000000000005 12
1708661827773 8.6 13
1708662792136 11.600000000000001 14
1708663756460 9.4 15
1708664721637 9.6 16
1708665687273 9.4 17
1708666653226 8.799999999999999 18
1708667621576 6.6000000000000005 19
