1708649370531 68.2 0
1708650322995 67.2 1
1708651277293 59.666666666666664 2
1708652230171 52.150000000000006 3
1708653187711 46.6 4
1708654144852 42.300000000000004 5
1708655100098 35.82857142857143 6
1708656059653 33.0 7
1708657016588 31.977777777777778 8
1708657971152 30.52 9
1708658931750 24.563636363636363 10
1708659896833 26.75 11
1708660864472 21.476923076923075 12
1708661827742 23.157142857142862 13
1708662792105 22.78666666666667 14
1708663756429 22.5 15
1708664721606 22.41176470588235 16
1708665687240 20.977777777777778 17
1708666653192 17.926315789473684 18
1708667621542 16.05 19
