1708649370544 68.2 0
1708650323008 77.60000000000001 1
1708651277306 77.8 2
1708652230183 72.8 3
1708653187725 73.52000000000001 4
1708654144865 73.66666666666667 5
1708655100111 68.57142857142857 6
1708656059668 67.425 7
1708657016602 68.62222222222222 8
1708657971167 68.4 9
1708658931764 62.56363636363637 10
1708659896847 66.58333333333333 11
1708660864487 61.861538461538466 12
1708661827758 65.04285714285716 13
1708662792121 64.86666666666666 14
1708663756444 64.6625 15
1708664721622 65.39999999999999 16
1708665687257 63.94444444444444 17
1708666653209 61.67368421052631 18
1708667621560 62.92999999999999 19
