1708707134211 78.4 0
1708708111096 68.60000000000001 1
1708709088439 65.60000000000001 2
1708710068094 63.6 3
1708711048283 60.4 4
1708712028239 56.8 5
1708713009258 57.99999999999999 6
1708713992146 52.2 7
1708714969512 52.800000000000004 8
1708715927317 53.2 9
1708716875990 55.00000000000001 10
1708717824124 54.0 11
1708718773335 47.599999999999994 12
1708719724313 48.4 13
1708720678985 52.6 14
1708721644125 51.2 15
1708722606091 47.199999999999996 16
1708723567318 47.599999999999994 17
1708724530653 50.0 18
