1708706157789 83.8 0
1708707134170 67.80000000000001 1
1708708111042 54.6 2
1708709088370 41.4 3
1708710068012 39.800000000000004 4
1708711048189 27.800000000000004 5
1708712028130 21.6 6
1708713009129 23.799999999999997 7
1708713991989 23.400000000000002 8
1708714969358 16.8 9
1708715927154 18.2 10
1708716875792 13.4 11
1708717823928 11.799999999999999 12
1708718773117 8.4 13
1708719724072 13.4 14
1708720678723 13.4 15
1708721643837 12.4 16
1708722605786 12.6 17
1708723566994 10.8 18
1708724530295 10.2 19
