1708706157802 83.8 0
1708707134198 81.39999999999999 1
1708708111082 79.4 2
1708709088425 71.8 3
1708710068081 75.4 4
1708711048270 69.39999999999999 5
1708712028225 67.0 6
1708713009244 71.39999999999999 7
1708713992130 64.4 8
1708714969498 60.8 9
1708715927303 63.0 10
1708716875974 60.8 11
1708717824110 60.199999999999996 12
1708718773319 56.8 13
1708719724297 49.2 14
1708720678970 57.99999999999999 15
1708721644109 58.8 16
1708722606075 59.199999999999996 17
1708723567302 56.00000000000001 18
1708724530636 56.39999999999999 19
