1708706157763 83.8 0
1708707134143 68.30000000000001 1
1708708111015 59.666666666666664 2
1708709088343 52.05 3
1708710067984 49.2 4
1708711048161 41.466666666666676 5
1708712028102 36.91428571428571 6
1708713009100 36.45 7
1708713991957 33.666666666666664 8
1708714969330 29.859999999999996 9
1708715927127 29.781818181818185 10
1708716875764 26.983333333333334 11
1708717823897 25.384615384615383 12
1708718773088 24.0 13
1708719724042 20.96 14
1708720678692 21.950000000000003 15
1708721643804 20.98823529411765 16
1708722605754 19.666666666666668 17
1708723566961 17.747368421052627 18
1708724530262 17.87 19
