1708706157776 83.8 0
1708707134157 79.9 1
1708708111028 77.8 2
1708709088357 74.9 3
1708710067998 76.12 4
1708711048175 71.39999999999999 5
1708712028116 70.05714285714286 6
1708713009115 70.60000000000001 7
1708713991973 68.13333333333334 8
1708714969344 67.3 9
1708715927141 66.89090909090909 10
1708716875778 66.01666666666667 11
1708717823912 65.76923076923077 12
1708718773103 64.28571428571429 13
1708719724057 61.48 14
1708720678707 65.5625 15
1708721643820 63.08235294117646 16
1708722605770 63.27777777777778 17
1708723566978 61.88421052631579 18
1708724530279 62.239999999999995 19
