1681407747237 87.4 0
1681407874315 69.3 0
1681408013240 71.60000000000001 0
1681408151850 70.0 0
1681408290133 70.2 0
1681408430258 68.96666666666667 0
1681408570467 65.42857142857143 0
1681408711480 64.175 0
1681408852222 61.48888888888889 0
1681408993940 58.760000000000005 0
1681409136153 57.87272727272727 0
1681409279052 56.23333333333334 0
1681409421126 55.323076923076925 0
1681409564526 53.38571428571429 0
1681409709221 51.03999999999999 0
1681409853422 50.95 0
1681409998230 50.34117647058823 0
1681410143346 49.22222222222223 0
1681410288579 48.36842105263158 0
1681410434336 46.63 0
