1681407747254 87.4 0
1681407874320 88.0 0
1681408013256 90.13333333333333 0
1681408151867 89.60000000000001 0
1681408290150 90.67999999999999 0
1681408430275 89.73333333333333 0
1681408570483 89.57142857142857 0
1681408711497 89.22500000000001 0
1681408852239 88.57777777777777 0
1681408993957 88.22 0
1681409136170 88.76363636363635 0
1681409279057 88.80000000000001 0
1681409421143 88.46153846153847 0
1681409564543 88.11428571428573 0
1681409709228 87.77333333333334 0
1681409853440 87.9375 0
1681409998248 88.37647058823529 0
1681410143363 87.91111111111111 0
1681410288597 87.81052631578947 0
1681410434354 88.44000000000001 0
