1708572106354 70.39999999999999 0
1708572469184 35.6 1
1708572838171 26.266666666666666 2
1708573208821 16.900000000000002 3
1708573576135 15.040000000000001 4
1708573943001 13.100000000000001 5
1708574314799 10.028571428571427 6
1708574687316 9.100000000000001 7
1708575061703 8.333333333333334 8
1708575436184 7.720000000000001 9
1708575812127 6.381818181818182 10
1708576186572 6.116666666666667 11
1708576563672 5.815384615384616 12
1708576941430 6.157142857142857 13
1708577319714 5.84 14
1708577698272 4.1625 15
1708578077013 4.388235294117647 16
1708578454009 4.2555555555555555 17
1708578830081 4.042105263157895 18
1708579208897 3.84 19
