1708572106371 70.39999999999999 0
1708572469201 51.1 1
1708572838190 40.6 2
1708573208839 32.2 3
1708573576152 32.52 4
1708573943018 29.400000000000002 5
1708574314816 21.571428571428573 6
1708574687333 19.65 7
1708575061723 21.77777777777778 8
1708575436204 18.860000000000003 9
1708575812145 16.78181818181818 10
1708576186591 19.316666666666666 11
1708576563690 17.03076923076923 12
1708576941448 20.328571428571426 13
1708577319721 20.826666666666664 14
1708577698290 16.0625 15
1708578077032 18.341176470588238 16
1708578454028 16.700000000000003 17
1708578830099 16.894736842105264 18
1708579208916 17.52 19
