1708704802943 70.0 0
1708705680637 69.8 1
1708706569963 67.60000000000001 2
1708707451594 66.2 3
1708708334900 63.0 4
1708709238195 60.4 5
1708710131980 61.0 6
1708711019533 56.39999999999999 7
1708711915500 57.8 8
1708712832248 53.800000000000004 9
1708713724857 50.6 10
1708714616894 51.800000000000004 11
1708715528291 51.800000000000004 12
1708716431512 52.2 13
1708717329397 51.4 14
1708718128762 47.599999999999994 15
1708718797412 42.6 16
1708719461878 40.6 17
1708720128310 42.199999999999996 18
