1708703911342 85.6 0
1708704802927 46.2 1
1708705680618 26.8 2
1708706569938 11.200000000000001 3
1708707451561 9.8 4
1708708334863 5.800000000000001 5
1708709238152 4.3999999999999995 6
1708710131931 3.5999999999999996 7
1708711019478 1.7999999999999998 8
1708711915438 4.2 9
1708712832178 2.8000000000000003 10
1708713724781 2.1999999999999997 11
1708714616809 1.4000000000000001 12
1708715528198 0.8 13
1708716431409 0.6 14
1708717329286 1.0 15
1708718128645 0.8 16
1708718797286 0.6 17
1708719461741 1.2 18
1708720128163 0.6 19
