1708703911335 85.6 0
1708704802919 75.30000000000001 1
1708705680610 77.66666666666667 2
1708706569931 76.19999999999999 3
1708707451552 77.24 4
1708708334856 76.16666666666666 5
1708709238145 75.8 6
1708710131924 75.65 7
1708711019470 74.37777777777778 8
1708711915431 70.64 9
1708712832171 70.81818181818181 10
1708713724773 64.96666666666665 11
1708714616801 65.32307692307691 12
1708715528189 66.08571428571429 13
1708716431402 66.70666666666666 14
1708717329279 67.4125 15
1708718128638 67.84705882352942 16
1708718797278 64.23333333333333 17
1708719461733 63.4421052631579 18
1708720128156 64.53 19
