1708703911324 85.6 0
1708704802904 56.6 1
1708705680599 46.800000000000004 2
1708706569919 36.7 3
1708707451537 33.04 4
1708708334845 26.666666666666668 5
1708709238133 22.285714285714285 6
1708710131912 19.25 7
1708711019458 18.755555555555556 8
1708711915419 15.940000000000001 9
1708712832160 13.872727272727275 10
1708713724761 11.983333333333334 11
1708714616789 11.723076923076924 12
1708715528178 10.171428571428573 13
1708716431390 11.946666666666667 14
1708717329267 10.6125 15
1708718128627 9.75294117647059 16
1708718797267 8.333333333333334 17
1708719461722 8.631578947368421 18
1708720128144 6.659999999999999 19
