1682912435987 86.4 0
1682912743165 65.8 1
1682913051925 63.6 2
1682913360800 71.0 3
1682913670448 60.0 4
1682913980698 58.8 5
1682914291384 50.4 6
1682914602661 56.2 7
1682914914305 68.0 8
1682915226728 52.800000000000004 9
1682915539927 59.0 10
1682915853296 53.400000000000006 11
1682916168190 57.199999999999996 12
1682916483619 65.0 13
1682916799376 56.99999999999999 14
1682917116608 62.2 15
1682917433502 57.99999999999999 16
1682917751282 53.400000000000006 17
1682918069450 52.2 18
1682918387660 53.0 19
