1682912435956 86.4 0
1682912743107 46.1 1
1682913051875 30.733333333333334 2
1682913360739 23.950000000000003 3
1682913670379 19.080000000000002 4
1682913980619 15.333333333333334 5
1682914291297 13.285714285714286 6
1682914602564 11.15 7
1682914914195 10.155555555555557 8
1682915226607 8.84 9
1682915539796 8.454545454545455 10
1682915853154 7.983333333333333 11
1682916168034 7.4 12
1682916483451 6.885714285714285 13
1682916799198 6.573333333333333 14
1682917116415 5.825 15
1682917433294 5.623529411764705 16
1682917751061 4.933333333333334 17
1682918069202 4.936842105263158 18
1682918387410 4.709999999999999 19
