1682912435970 86.4 0
1682912743121 78.3 1
1682913051889 73.93333333333334 2
1682913360753 75.05000000000001 3
1682913670393 71.84 4
1682913980633 71.46666666666667 5
1682914291310 66.2 6
1682914602577 63.150000000000006 7
1682914914209 63.37777777777777 8
1682915226621 53.94 9
1682915539810 60.43636363636363 10
1682915853167 57.383333333333326 11
1682916168049 58.01538461538462 12
1682916483465 63.385714285714286 13
1682916799211 61.70666666666668 14
1682917116429 65.475 15
1682917433308 62.48235294117647 16
1682917751075 59.87777777777779 17
1682918069226 56.68421052631579 18
1682918387423 56.15000000000001 19
