1709403892710 80.60000000000001 0
1709404567433 32.800000000000004 1
1709405243629 27.6 2
1709405919882 20.599999999999998 3
1709406595537 14.799999999999999 4
1709407270195 11.4 5
1709407949873 8.200000000000001 6
1709408628841 9.0 7
1709409306971 9.2 8
1709409986014 5.0 9
1709410668162 3.8 10
1709411346857 4.2 11
1709412025980 4.0 12
1709412710052 4.2 13
1709413391044 3.5999999999999996 14
1709414076241 5.4 15
1709414760380 3.5999999999999996 16
1709415448912 6.0 17
1709416132661 3.4000000000000004 18
