1709403219533 80.2 0
1709403892699 47.199999999999996 1
1709404567427 36.0 2
1709405243622 23.799999999999997 3
1709405919875 17.599999999999998 4
1709406595530 17.4 5
1709407270184 11.200000000000001 6
1709407949866 7.3999999999999995 7
1709408628833 6.0 8
1709409306963 7.199999999999999 9
1709409986006 5.800000000000001 10
1709410668155 2.8000000000000003 11
1709411346849 5.0 12
1709412025972 3.0 13
1709412710043 4.2 14
1709413391035 4.8 15
1709414076232 2.0 16
1709414760371 2.4 17
1709415448902 1.4000000000000001 18
1709416132651 1.2 19
