1709403219526 80.2 0
1709403892688 81.3 1
1709404567420 78.8 2
1709405243612 75.64999999999999 3
1709405919868 74.4 4
1709406595523 72.39999999999999 5
1709407270174 70.8 6
1709407949858 69.4 7
1709408628826 69.35555555555555 8
1709409306955 67.24000000000001 9
1709409985998 66.01818181818183 10
1709410668147 64.88333333333334 11
1709411346841 66.93846153846154 12
1709412025963 65.68571428571428 13
1709412710034 64.62666666666667 14
1709413391026 63.1375 15
1709414076223 63.74117647058823 16
1709414760361 63.46666666666667 17
1709415448893 62.37894736842105 18
1709416132641 62.21999999999999 19
