1709403219520 80.2 0
1709403892677 63.900000000000006 1
1709404567403 50.333333333333336 2
1709405243595 43.35 3
1709405919850 35.519999999999996 4
1709406595505 32.699999999999996 5
1709407270157 27.800000000000004 6
1709407949840 22.875 7
1709408628808 22.822222222222223 8
1709409306937 21.18 9
1709409985980 16.87272727272727 10
1709410668128 15.166666666666666 11
1709411346822 15.276923076923076 12
1709412025945 12.585714285714285 13
1709412710016 13.826666666666664 14
1709413391008 12.3625 15
1709414076204 11.541176470588235 16
1709414760342 11.166666666666666 17
1709415448874 11.010526315789473 18
1709416132622 9.629999999999999 19
