1681840884601 20.599999999999998 0
1681840943646 20.599999999999998 0
1681841003205 20.599999999999998 0
1681841061971 20.599999999999998 0
1681841120950 20.599999999999998 0
1681841180604 20.599999999999998 0
1681841240618 20.599999999999998 0
1681841301174 20.599999999999998 0
1681841362692 20.599999999999998 0
1681841424602 20.599999999999998 0
1681841486803 20.599999999999998 0
1681841549676 20.599999999999998 0
1681841613585 20.599999999999998 0
1681841677386 20.599999999999998 0
1681841742028 20.599999999999998 0
1681841806259 20.599999999999998 0
1681841871414 20.599999999999998 0
1681841937597 20.599999999999998 0
1681842004828 20.599999999999998 0
1681842228437 30.0 0
