1681840884587 20.599999999999998 0
1681840943628 20.299999999999997 0
1681841003181 20.2 0
1681841061943 20.849999999999998 0
1681841120916 20.68 0
1681841180564 20.566666666666666 0
1681841240573 20.199999999999996 0
1681841301122 20.275 0
1681841362633 20.244444444444444 0
1681841424536 20.22 0
1681841486730 20.07272727272727 0
1681841549596 19.999999999999996 0
1681841613497 19.95384615384615 0
1681841677289 19.971428571428568 0
1681841741924 19.959999999999997 0
1681841806145 19.775 0
1681841871291 20.023529411764706 0
1681841937465 20.022222222222222 0
1681842004684 19.894736842105264 0
1681842228282 45.43999999999999 0
