1681840884575 0.0 0
1681840943616 0.0 0
1681841003171 0.0 0
1681841061932 0.0 0
1681841120904 3.9200000000000004 0
1681841180553 3.266666666666667 0
1681841240562 2.8000000000000003 0
1681841301110 2.45 0
1681841362622 2.177777777777778 0
1681841424525 1.9600000000000002 0
1681841486719 1.781818181818182 0
1681841549585 1.6333333333333335 0
1681841613485 1.5230769230769232 0
1681841677278 1.4142857142857144 0
1681841741912 1.32 0
1681841806133 1.2375 0
1681841871279 1.1647058823529413 0
1681841937454 1.1 0
1681842004672 1.0421052631578949 0
1681842228270 10.22 0
