1689867627141 86.2 0
1689867768957 57.199999999999996 1
1689867911731 49.8 2
1689868054427 46.6 3
1689868198316 51.6 4
1689868341928 40.400000000000006 5
1689868487497 47.199999999999996 6
1689868631869 30.4 7
1689868776197 31.6 8
1689868923083 48.199999999999996 9
1689869069281 35.0 10
1689869216155 28.999999999999996 11
1689869363955 37.4 12
1689869513854 40.6 13
1689869664836 33.800000000000004 14
1689869822374 30.4 15
1689869975102 26.200000000000003 16
1689870124378 24.4 17
1689870276073 22.2 18
1689870428055 19.6 19
