1689867627123 86.2 0
1689867768914 74.0 1
1689867911677 61.4 2
1689868054381 60.3 3
1689868198241 63.839999999999996 4
1689868341863 50.06666666666667 5
1689868487422 54.68571428571429 6
1689868631762 42.575 7
1689868776101 47.62222222222223 8
1689868922975 37.58 9
1689869069162 37.27272727272727 10
1689869216023 39.03333333333333 11
1689869363811 36.98461538461538 12
1689869513698 38.42857142857143 13
1689869664665 34.68 14
1689869822190 35.3 15
1689869974906 35.62352941176471 16
1689870124168 38.62222222222222 17
1689870275849 37.07368421052632 18
1689870427819 40.71 19
