1689867627109 86.2 0
1689867768902 45.4 1
1689867911658 30.599999999999998 2
1689868054367 23.25 3
1689868198227 18.2 4
1689868341849 14.466666666666667 5
1689868487410 13.714285714285714 6
1689868631749 11.875 7
1689868776088 10.377777777777778 8
1689868922959 9.34 9
1689869069150 7.945454545454546 10
1689869216008 7.466666666666668 11
1689869363798 7.107692307692308 12
1689869513683 6.614285714285715 13
1689869664651 6.493333333333333 14
1689869822176 5.7250000000000005 15
1689869974892 5.505882352941177 16
1689870124154 5.222222222222222 17
1689870275834 4.863157894736842 18
1689870427806 4.680000000000001 19
