1679329239410 85.6 0
1679329355774 61.199999999999996 0
1679329470239 42.8 0
1679329584220 38.6 0
1679329702356 42.199999999999996 0
1679329820097 34.599999999999994 0
1679329937300 30.4 0
1679330055267 23.599999999999998 0
1679330173704 25.8 0
1679330291523 20.200000000000003 0
1679330409686 13.600000000000001 0
1679330529714 11.4 0
1679330649513 11.799999999999999 0
1679330769115 12.6 0
1679330888304 11.0 0
1679331009395 11.4 0
1679331131211 5.4 0
1679331252563 9.8 0
1679331372681 6.2 0
1679331494860 8.200000000000001 0
