1679329239414 85.6 0
1679329355782 83.0 0
1679329470251 81.39999999999999 0
1679329584237 78.2 0
1679329702378 78.60000000000001 0
1679329820122 78.0 0
1679329937332 75.0 0
1679330055304 77.8 0
1679330173748 74.4 0
1679330291573 74.0 0
1679330409742 70.19999999999999 0
1679330529777 74.0 0
1679330649583 68.4 0
1679330769194 71.0 0
1679330888390 72.39999999999999 0
1679331009492 70.19999999999999 0
1679331131314 71.6 0
1679331252676 69.19999999999999 0
1679331372811 66.4 0
1679331495002 68.60000000000001 0
