1679329239406 85.6 0
1679329355770 87.1 0
1679329470233 86.0 0
1679329584216 84.45 0
1679329702351 85.28 0
1679329820092 84.23333333333333 0
1679329937295 83.57142857142856 0
1679330055262 83.67500000000001 0
1679330173699 83.35555555555555 0
1679330291518 83.0 0
1679330409681 81.36363636363636 0
1679330529709 82.66666666666667 0
1679330649507 80.87692307692306 0
1679330769110 81.31428571428573 0
1679330888299 79.06666666666666 0
1679331009389 78.94999999999999 0
1679331131205 80.12941176470588 0
1679331252557 78.08888888888889 0
1679331372675 78.63157894736842 0
1679331494854 80.24000000000001 0
