1679329239387 85.6 0
1679329355754 75.2 0
1679329470216 61.4 0
1679329584199 53.099999999999994 0
1679329702347 51.92 0
1679329820076 45.133333333333326 0
1679329937278 43.08571428571429 0
1679330055246 35.900000000000006 0
1679330173683 32.400000000000006 0
1679330291502 31.9 0
1679330409664 31.12727272727273 0
1679330529692 26.299999999999997 0
1679330649491 27.26153846153846 0
1679330769092 26.52857142857143 0
1679330888282 23.026666666666664 0
1679331009372 22.525 0
1679331131188 21.211764705882356 0
1679331252539 21.62222222222222 0
1679331372668 19.336842105263155 0
1679331494847 18.869999999999997 0
