1708564603783 73.2 0
1708564971171 55.1 1
1708565337886 43.199999999999996 2
1708565700625 33.8 3
1708566067097 30.0 4
1708566439172 27.8 5
1708566812178 25.285714285714285 6
1708567180238 20.425 7
1708567554334 19.866666666666667 8
1708567926334 19.28 9
1708568299103 19.654545454545453 10
1708568675127 19.566666666666666 11
1708569051470 20.092307692307696 12
1708569420999 16.542857142857144 13
1708569796741 18.0 14
1708570161753 19.1625 15
1708570540583 18.470588235294116 16
1708570917775 13.866666666666667 17
1708571297914 15.989473684210527 18
1708571678182 17.15 19
