1708787496838 84.39999999999999 0
1708789298821 80.60000000000001 1
1708791109706 76.8 2
1708792914734 71.8 3
1708794726164 68.2 4
1708796536843 72.0 5
1708798338658 70.19999999999999 6
1708800147608 68.2 7
1708801954214 64.8 8
1708803760408 64.4 9
1708805573644 61.199999999999996 10
1708807387216 54.2 11
1708809206010 57.8 12
1708811025959 62.2 13
1708812853050 57.99999999999999 14
1708814670428 57.8 15
1708816495766 59.4 16
1708818319077 52.800000000000004 17
1708820142214 52.0 18
1708821975697 51.4 19
