1708787496813 84.39999999999999 0
1708789298782 78.5 1
1708791109653 76.93333333333334 2
1708792914666 74.25 3
1708794726083 71.11999999999999 4
1708796536746 71.93333333333332 5
1708798338547 70.74285714285715 6
1708800147478 69.17500000000001 7
1708801954061 67.28888888888889 8
1708803760250 67.12 9
1708805573466 65.52727272727272 10
1708807387017 63.4 11
1708809205796 62.76923076923076 12
1708811025705 63.457142857142856 13
1708812852792 60.92 14
1708814670154 62.162499999999994 15
1708816495465 60.43529411764706 16
1708818318755 59.55555555555556 17
1708820141866 58.021052631578954 18
1708821975329 58.32000000000001 19
