1708787496800 84.39999999999999 0
1708789298769 59.900000000000006 1
1708791109639 47.0 2
1708792914651 38.099999999999994 3
1708794726069 28.6 4
1708796536732 25.933333333333334 5
1708798338533 22.02857142857143 6
1708800147463 19.400000000000002 7
1708801954045 16.866666666666667 8
1708803760235 15.580000000000002 9
1708805573450 13.981818181818182 10
1708807387001 12.533333333333333 11
1708809205780 12.184615384615382 12
1708811025689 11.685714285714287 13
1708812852775 11.2 14
1708814670137 9.0875 15
1708816495448 8.176470588235293 16
1708818318738 8.033333333333333 17
1708820141848 7.2 18
1708821975311 7.0 19
