1709504317310 84.0 0
1709504996695 70.19999999999999 1
1709505684542 60.0 2
1709506366991 51.800000000000004 3
1709507051971 46.0 4
1709507737545 42.199999999999996 5
1709508422739 36.199999999999996 6
1709509105474 33.6 7
1709509795693 27.0 8
1709510485641 28.999999999999996 9
1709511174629 23.799999999999997 10
1709511861484 22.8 11
1709512547277 21.0 12
1709513240403 16.2 13
1709513931850 18.0 14
1709514624154 15.4 15
1709515316372 14.6 16
1709516009258 14.2 17
1709516706404 13.8 18
1709517402368 11.799999999999999 19
