1709504317303 84.0 0
1709504996688 82.9 1
1709505684536 83.26666666666665 2
1709506366984 81.8 3
1709507051964 80.72 4
1709507737538 79.46666666666665 5
1709508422731 77.94285714285715 6
1709509105467 77.25 7
1709509795685 77.55555555555554 8
1709510485628 77.02000000000001 9
1709511174621 75.39999999999999 10
1709511861476 75.13333333333334 11
1709512547269 75.38461538461539 12
1709513240395 74.25714285714287 13
1709513931842 74.24000000000001 14
1709514624144 73.88749999999999 15
1709515316362 74.07058823529414 16
1709516009249 73.92222222222222 17
1709516706394 73.32631578947367 18
1709517402358 72.46000000000001 19
