1709504317285 84.0 0
1709504996671 73.9 1
1709505684518 64.53333333333335 2
1709506366967 57.25 3
1709507051957 51.720000000000006 4
1709507737520 49.666666666666664 5
1709508422713 43.142857142857146 6
1709509105449 40.2 7
1709509795678 38.35555555555556 8
1709510485608 37.12 9
1709511174613 32.74545454545454 10
1709511861458 30.45 11
1709512547251 28.923076923076923 12
1709513240376 26.11428571428571 13
1709513931833 27.279999999999994 14
1709514624126 25.587500000000002 15
1709515316344 24.176470588235297 16
1709516009231 24.822222222222223 17
1709516706375 22.6 18
1709517402339 20.84 19
