1682838916305 84.0 0
1682839220594 76.2 1
1682839524774 71.39999999999999 2
1682839829508 66.2 3
1682840136022 65.8 4
1682840443037 62.0 5
1682840750593 59.8 6
1682841059145 54.2 7
1682841367878 53.0 8
1682841677598 48.6 9
1682841987244 44.800000000000004 10
1682842297919 52.0 11
1682842609038 52.800000000000004 12
1682842920863 56.39999999999999 13
1682843233305 49.8 14
1682843546846 51.800000000000004 15
1682843860556 56.00000000000001 16
1682844174743 40.6 17
1682844489807 49.8 18
1682844805879 52.6 19
