1682838916274 84.0 0
1682839220553 48.300000000000004 1
1682839524725 29.866666666666664 2
1682839829451 23.5 3
1682840135954 17.56 4
1682840442959 14.266666666666667 5
1682840750506 13.599999999999998 6
1682841059047 11.85 7
1682841367765 10.155555555555557 8
1682841677462 9.2 9
1682841987111 7.7272727272727275 10
1682842297777 7.3500000000000005 11
1682842608884 6.707692307692308 12
1682842920695 6.442857142857143 13
1682843233127 6.346666666666666 14
1682843546656 5.55 15
1682843860348 5.376470588235295 16
1682844174522 5.055555555555555 17
1682844489573 4.757894736842106 18
1682844805629 4.62 19
