1682838916288 84.0 0
1682839220567 83.4 1
1682839524739 74.66666666666667 2
1682839829464 69.35 3
1682840135968 68.04 4
1682840442972 65.46666666666667 5
1682840750519 65.11428571428571 6
1682841059061 61.974999999999994 7
1682841367779 58.24444444444445 8
1682841677476 59.879999999999995 9
1682841987126 57.054545454545455 10
1682842297791 59.33333333333334 11
1682842608898 58.95384615384616 12
1682842920708 58.21428571428572 13
1682843233140 53.45333333333333 14
1682843546669 51.6125 15
1682843860362 54.317647058823525 16
1682844174536 51.27777777777778 17
1682844489587 52.82105263157895 18
1682844805643 54.29 19
