1682906304306 89.4 0
1682906611430 80.4 1
1682906918346 75.46666666666665 2
1682907226204 72.35 3
1682907534354 63.720000000000006 4
1682907843130 57.73333333333334 5
1682908152741 63.342857142857156 6
1682908463398 59.625 7
1682908774412 62.44444444444444 8
1682909086133 55.3 9
1682909398434 56.03636363636363 10
1682909711070 63.01666666666667 11
1682910024483 63.79999999999999 12
1682910338208 58.614285714285714 13
1682910652528 62.040000000000006 14
1682910968187 60.412499999999994 15
1682911284648 60.788235294117655 16
1682911601633 61.25555555555555 17
1682911919209 64.78947368421052 18
1682912237835 55.85000000000001 19
