1682906304292 89.4 0
1682906611417 46.5 1
1682906918332 30.46666666666667 2
1682907226192 21.8 3
1682907534340 17.759999999999998 4
1682907843118 14.299999999999999 5
1682908152728 13.714285714285714 6
1682908463384 10.9 7
1682908774396 9.2 8
1682909086121 9.52 9
1682909398412 8.50909090909091 10
1682909711056 7.616666666666667 11
1682910024469 7.538461538461537 12
1682910338194 6.785714285714286 13
1682910652515 6.493333333333333 14
1682910968174 5.800000000000001 15
1682911284634 5.623529411764705 16
1682911601619 5.033333333333334 17
1682911919196 5.11578947368421 18
1682912237821 4.51 19
