1681788355889 91.8 0
1681788520358 61.199999999999996 0
1681788685694 49.4 0
1681788850504 41.4 0
1681789016666 42.4 0
1681789183775 35.199999999999996 0
1681789351271 32.6 0
1681789517852 26.0 0
1681789686955 28.999999999999996 0
1681789855720 28.000000000000004 0
1681790024265 25.6 0
1681790193305 23.799999999999997 0
1681790363624 19.6 0
1681790535447 22.0 0
1681790708246 17.8 0
1681790881308 13.4 0
1681791053953 17.2 0
1681791228359 11.799999999999999 0
1681791403272 14.2 0
1681791580252 13.8 0
