1681788355870 91.8 0
1681788520343 77.2 0
1681788685666 66.86666666666666 0
1681788850486 55.0 0
1681789016648 49.559999999999995 0
1681789183756 46.666666666666664 0
1681789351252 37.057142857142864 0
1681789517834 32.75 0
1681789686936 29.82222222222222 0
1681789855700 28.96 0
1681790024246 29.636363636363637 0
1681790193285 25.099999999999998 0
1681790363609 23.95384615384615 0
1681790535427 24.97142857142857 0
1681790708226 23.706666666666663 0
1681790881288 22.0 0
1681791053934 20.63529411764706 0
1681791228340 19.666666666666664 0
1681791403252 17.252631578947373 0
1681791580233 17.41 0
