1681788355881 91.8 0
1681788520353 91.5 0
1681788685682 89.46666666666665 0
1681788850497 88.2 0
1681789016659 86.64000000000001 0
1681789183768 84.03333333333333 0
1681789351264 85.31428571428572 0
1681789517845 82.0 0
1681789686947 80.6 0
1681789855711 80.34 0
1681790024257 80.61818181818184 0
1681790193296 79.85000000000001 0
1681790363618 81.36923076923078 0
1681790535439 81.11428571428571 0
1681790708237 81.90666666666667 0
1681790881300 80.85 0
1681791053946 80.47058823529412 0
1681791228352 79.88888888888887 0
1681791403264 80.28421052631579 0
1681791580245 77.9 0
