1682887917606 85.8 0
1682888224486 73.6 1
1682888533409 70.39999999999999 2
1682888841401 66.8 3
1682889150512 68.8 4
1682889459823 57.599999999999994 5
1682889770298 60.0 6
1682890080509 55.00000000000001 7
1682890392929 59.4 8
1682890705229 50.2 9
1682891017712 51.2 10
1682891331427 47.599999999999994 11
1682891646459 58.199999999999996 12
1682891961090 56.8 13
1682892277553 56.599999999999994 14
1682892593831 52.2 15
1682892910640 56.8 16
1682893228569 54.2 17
1682893547599 58.4 18
1682893866409 63.4 19
