1682887917587 85.8 0
1682888224460 83.0 1
1682888533374 74.13333333333333 2
1682888841356 73.30000000000001 3
1682889150442 72.56 4
1682889459759 65.8 5
1682889770224 68.05714285714285 6
1682890080424 66.7 7
1682890392834 66.6 8
1682890705123 61.14 9
1682891017595 59.436363636363645 10
1682891331299 59.31666666666666 11
1682891646318 58.584615384615375 12
1682891960937 58.65714285714285 13
1682892277387 58.120000000000005 14
1682892593651 58.45 15
1682892910448 58.54117647058823 16
1682893228363 59.62222222222221 17
1682893547378 59.53684210526316 18
1682893866174 61.83 19
