1682887917574 85.8 0
1682888224446 48.6 1
1682888533360 30.0 2
1682888841342 23.200000000000003 3
1682889150429 18.12 4
1682889459746 14.533333333333333 5
1682889770210 13.542857142857143 6
1682890080410 11.799999999999999 7
1682890392820 10.377777777777778 8
1682890705108 9.360000000000001 9
1682891017582 8.0 10
1682891331285 7.433333333333334 11
1682891646305 6.953846153846154 12
1682891960924 6.771428571428571 13
1682892277374 6.453333333333333 14
1682892593638 5.7250000000000005 15
1682892910434 5.352941176470588 16
1682893228350 5.233333333333333 17
1682893547363 4.778947368421053 18
1682893866160 4.6899999999999995 19
