1708642435218 7.199999999999999 0
1708642602490 7.199999999999999 1
1708642769452 7.199999999999999 2
1708642937633 7.199999999999999 3
1708643106517 7.199999999999999 4
1708643276705 7.199999999999999 5
1708643447582 7.199999999999999 6
1708643618572 7.199999999999999 7
1708643789616 7.199999999999999 8
1708643961396 7.199999999999999 9
1708644135227 7.199999999999999 10
1708644317149 7.199999999999999 11
1708644506695 7.199999999999999 12
1708644682246 7.199999999999999 13
1708644857636 7.199999999999999 14
1708645293004 16.2 15
