1708641774437 9.4 0
1708641938823 9.8 1
1708642103525 9.666666666666666 2
1708642269040 9.9 3
1708642435092 9.36 4
1708642602351 9.466666666666667 5
1708642769298 9.542857142857143 6
1708642937459 9.45 7
1708643106332 9.511111111111111 8
1708643276494 9.58 9
1708643447358 9.818181818181818 10
1708643618333 9.833333333333334 11
1708643789359 9.876923076923077 12
1708643961096 9.885714285714286 13
1708644134930 9.893333333333334 14
1708644316828 10.15 15
1708644506359 10.105882352941178 16
1708644681880 10.100000000000001 17
1708644857252 10.094736842105263 18
1708645292581 22.339999999999996 19
