1681599553337 59.4 0
1681599700975 73.6 0
1681599848809 71.0 0
1681599992766 65.0 0
1681600136816 61.199999999999996 0
1681600281607 55.00000000000001 0
1681600428303 52.800000000000004 0
1681600575585 48.4 0
1681600726240 43.4 0
1681600877614 36.8 0
1681601027477 35.4 0
1681601176124 35.4 0
1681601327284 33.800000000000004 0
1681601480508 32.800000000000004 0
1681601627993 31.6 0
1681601773172 28.999999999999996 0
1681601917216 27.400000000000002 0
1681602062167 22.2 0
1681602207306 23.599999999999998 0
