1681599420269 87.2 0
1681599553311 71.0 0
1681599700961 64.46666666666667 0
1681599848783 61.00000000000001 0
1681599992739 59.120000000000005 0
1681600136800 56.79999999999999 0
1681600281576 53.885714285714286 0
1681600428275 52.225 0
1681600575558 50.51111111111111 0
1681600726219 47.58 0
1681600877585 45.90909090909091 0
1681601027448 44.31666666666667 0
1681601176105 40.95384615384615 0
1681601327254 41.51428571428571 0
1681601480486 39.733333333333334 0
1681601627962 37.974999999999994 0
1681601773141 36.71764705882353 0
1681601917183 36.62222222222222 0
1681602062136 35.336842105263166 0
1681602207273 33.7 0
