1681599420285 87.2 0
1681599553328 86.3 0
1681599700966 85.0 0
1681599848799 84.10000000000001 0
1681599992756 85.64 0
1681600136806 84.8 0
1681600281595 84.51428571428572 0
1681600428292 85.35 0
1681600575575 84.33333333333334 0
1681600726225 84.50000000000001 0
1681600877602 83.85454545454544 0
1681601027465 84.39999999999999 0
1681601176111 83.4 0
1681601327271 82.14285714285714 0
1681601480493 82.41333333333333 0
1681601627980 81.825 0
1681601773159 82.36470588235295 0
1681601917201 82.66666666666667 0
1681602062153 82.7578947368421 0
1681602207291 82.50000000000001 0
