1690011788164 88.2 0
1690012098505 88.0 1
1690012408259 87.0 2
1690012721886 87.80000000000001 3
1690013034937 84.92 4
1690013349906 84.4 5
1690013664064 84.8 6
1690013975860 85.64999999999999 7
1690014292650 84.15555555555557 8
1690014604675 84.53999999999999 9
1690014918534 82.23636363636363 10
1690015237527 82.91666666666666 11
1690015553242 82.58461538461538 12
1690015871699 81.17142857142856 13
1690016188936 81.8 14
1690016507281 81.51249999999999 15
1690016826956 80.62352941176471 16
1690017146506 80.89999999999999 17
1690017464470 79.98947368421054 18
1690017785087 80.62 19
