1690011788153 88.2 0
1690012098491 70.4 1
1690012408244 62.4 2
1690012721872 53.650000000000006 3
1690013034927 46.36 4
1690013349892 44.9 5
1690013664050 41.228571428571435 6
1690013975846 38.75 7
1690014292637 34.333333333333336 8
1690014604660 32.9 9
1690014918521 29.05454545454546 10
1690015237515 26.28333333333333 11
1690015553227 26.615384615384617 12
1690015871685 22.285714285714285 13
1690016188924 24.866666666666667 14
1690016507266 23.95 15
1690016826942 20.929411764705883 16
1690017146494 19.45555555555556 17
1690017464441 19.13684210526316 18
1690017785072 17.330000000000002 19
