1681427109956 85.6 0
1681427349167 76.8 0
1681427614395 72.39999999999999 0
1681427881364 75.0 0
1681428148648 69.0 0
1681428414106 57.99999999999999 0
1681428682383 60.199999999999996 0
1681428946715 50.8 0
1681429214747 41.199999999999996 0
1681429482602 38.800000000000004 0
1681429749181 30.2 0
1681430017656 28.999999999999996 0
1681430287512 29.799999999999997 0
1681430557833 26.400000000000002 0
1681430829446 25.0 0
1681431101693 24.0 0
1681431372481 23.400000000000002 0
1681431644997 22.6 0
1681431917354 22.6 0
1681432191416 24.6 0
