1681427109934 85.6 0
1681427349146 38.4 0
1681427614386 33.266666666666666 0
1681427881343 40.0 0
1681428148627 40.92 0
1681428414082 42.96666666666666 0
1681428682373 39.48571428571429 0
1681428946704 39.525 0
1681429214737 36.28888888888889 0
1681429482580 37.440000000000005 0
1681429749158 37.18181818181818 0
1681430017634 36.53333333333333 0
1681430287488 36.276923076923076 0
1681430557810 35.4 0
1681430829425 34.906666666666666 0
1681431101669 34.025000000000006 0
1681431372457 33.24705882352941 0
1681431644972 32.144444444444446 0
1681431917340 31.63157894736843 0
1681432191391 31.050000000000004 0
