1681427109951 85.6 0
1681427349162 76.69999999999999 0
1681427614390 74.8 0
1681427881359 78.75 0
1681428148643 79.6 0
1681428414101 79.60000000000001 0
1681428682378 79.62857142857145 0
1681428946709 79.94999999999999 0
1681429214742 79.51111111111112 0
1681429482597 81.1 0
1681429749176 80.70909090909089 0
1681430017650 81.63333333333334 0
1681430287505 82.1846153846154 0
1681430557827 81.64285714285714 0
1681430829440 81.33333333333333 0
1681431101686 80.075 0
1681431372474 81.01176470588236 0
1681431644990 80.26666666666667 0
1681431917347 80.6842105263158 0
1681432191409 81.05000000000001 0
