1708618802032 83.6 0
1708619098493 35.8 1
1708619396114 26.133333333333336 2
1708619693569 16.55 3
1708619992042 17.2 4
1708620291511 9.633333333333333 5
1708620592120 10.828571428571427 6
1708620892827 9.05 7
1708621195062 7.48888888888889 8
1708621501774 7.279999999999999 9
1708621803977 7.618181818181818 10
1708622106952 5.849999999999999 11
1708622410612 5.907692307692307 12
1708622714531 5.871428571428571 13
1708623018681 5.466666666666667 14
1708623324057 4.925000000000001 15
1708623629406 3.48235294117647 16
1708623936802 4.122222222222223 17
1708624245347 3.8421052631578947 18
1708624555527 4.220000000000001 19
