1708618802037 83.6 0
1708619098510 53.8 1
1708619396131 43.93333333333334 2
1708619693586 30.95 3
1708619992060 38.0 4
1708620291528 23.0 5
1708620592138 28.657142857142862 6
1708620892845 24.775 7
1708621195079 21.622222222222224 8
1708621501781 23.04 9
1708621803994 25.236363636363638 10
1708622106959 22.933333333333337 11
1708622410625 23.646153846153847 12
1708622714537 24.842857142857145 13
1708623018688 22.226666666666667 14
1708623324064 22.5625 15
1708623629414 18.905882352941177 16
1708623936809 19.544444444444444 17
1708624245355 21.357894736842105 18
1708624555536 23.07 19
