1679334442483 86.4 0
1679334575529 32.0 0
1679334708372 30.0 0
1679334839622 23.599999999999998 0
1679334961522 22.400000000000002 0
1679335083740 15.0 0
1679335206087 16.2 0
1679335329507 11.799999999999999 0
1679335453478 12.4 0
1679335576972 5.0 0
1679335701237 5.4 0
1679335826412 7.3999999999999995 0
1679335951864 8.200000000000001 0
1679336077840 4.3999999999999995 0
1679336204165 2.1999999999999997 0
1679336330907 2.4 0
1679336458058 1.7999999999999998 0
1679336585511 2.1999999999999997 0
