1679334178767 85.8 0
1679334310049 72.6 0
1679334442454 56.93333333333334 0
1679334575512 48.6 0
1679334708353 46.760000000000005 0
1679334839592 40.4 0
1679334961492 38.199999999999996 0
1679335083721 32.9 0
1679335206068 30.400000000000002 0
1679335329475 29.939999999999998 0
1679335453446 28.981818181818184 0
1679335576950 26.100000000000005 0
1679335701203 25.353846153846156 0
1679335826378 24.771428571428572 0
1679335951841 21.533333333333335 0
1679336077801 21.075 0
1679336204129 18.647058823529413 0
1679336330871 18.95555555555556 0
1679336458020 16.2 0
1679336585483 16.45 0
