1708742256554 80.80000000000001 0
1708743185046 68.0 1
1708744146729 56.00000000000001 2
1708745104288 40.0 3
1708746063032 30.8 4
1708747022228 24.0 5
1708747981913 19.2 6
1708748942229 15.8 7
1708749903039 13.4 8
1708750865015 12.6 9
1708751828309 13.0 10
1708752792379 10.0 11
1708753755966 10.2 12
1708754721757 9.4 13
1708755689585 8.200000000000001 14
1708756655491 6.2 15
1708757623695 5.6000000000000005 16
1708758593301 6.6000000000000005 17
1708759564161 7.3999999999999995 18
1708760535912 6.2 19
