1708742256567 80.80000000000001 0
1708743185074 80.80000000000001 1
1708744146770 79.0 2
1708745104345 73.2 3
1708746063106 72.2 4
1708747022315 69.39999999999999 5
1708747982018 65.0 6
1708748942352 64.4 7
1708749903178 64.2 8
1708750865168 63.2 9
1708751828482 58.599999999999994 10
1708752792568 63.2 11
1708753756180 61.6 12
1708754721983 57.4 13
1708755689836 56.8 14
1708756655772 52.400000000000006 15
1708757624002 49.2 16
1708758593636 53.2 17
1708759564504 54.400000000000006 18
1708760536283 51.6 19
