1708744146756 72.6 0
1708745104316 52.400000000000006 1
1708746063061 40.2 2
1708747022257 29.2 3
1708747981943 20.599999999999998 4
1708748942260 19.6 5
1708749903071 14.799999999999999 6
1708750865045 11.200000000000001 7
1708751828341 11.600000000000001 8
1708752792411 7.8 9
1708753755999 6.0 10
1708754721790 5.6000000000000005 11
1708755689619 6.6000000000000005 12
1708756655525 8.200000000000001 13
1708757623730 7.199999999999999 14
1708758593340 4.3999999999999995 15
1708759564198 4.3999999999999995 16
1708760535949 3.8 17
