1708742256540 80.80000000000001 0
1708743185032 80.5 1
1708744146715 78.53333333333333 2
1708745104274 75.55 3
1708746063017 74.28 4
1708747022214 72.13333333333334 5
1708747981898 69.25714285714285 6
1708748942214 69.125 7
1708749903024 67.86666666666667 8
1708750865000 65.97999999999999 9
1708751828292 65.45454545454545 10
1708752792362 64.88333333333334 11
1708753755951 64.47692307692307 12
1708754721740 63.871428571428574 13
1708755689568 64.13333333333334 14
1708756655474 63.0625 15
1708757623677 61.14117647058824 16
1708758593282 62.07777777777778 17
1708759564142 61.22105263157895 18
1708760535894 60.989999999999995 19
