1681746541783 90.2 0
1681746714471 81.39999999999999 0
1681746889387 75.0 0
1681747064401 63.4 0
1681747241352 57.4 0
1681747417625 42.199999999999996 0
1681747596098 43.6 0
1681747775252 33.800000000000004 0
1681747953662 35.0 0
1681748131887 34.4 0
1681748311038 29.4 0
1681748491915 23.599999999999998 0
1681748672691 23.200000000000003 0
1681748853231 23.799999999999997 0
1681749035412 23.799999999999997 0
1681749216941 23.200000000000003 0
1681749399869 20.8 0
1681749580665 20.200000000000003 0
1681749765213 19.0 0
1681749949266 20.4 0
