1681746541764 90.2 0
1681746714453 79.9 0
1681746889369 71.8 0
1681747064381 70.85 0
1681747241336 63.88000000000001 0
1681747417607 61.5 0
1681747596075 59.285714285714285 0
1681747775224 55.125 0
1681747953644 53.53333333333333 0
1681748131869 51.6 0
1681748311020 47.454545454545446 0
1681748491896 44.71666666666667 0
1681748672673 41.8 0
1681748853213 41.91428571428571 0
1681749035393 40.666666666666664 0
1681749216922 38.625 0
1681749399851 35.611764705882344 0
1681749580648 34.55555555555556 0
1681749765195 32.578947368421055 0
1681749949248 32.239999999999995 0
