1681746541776 90.2 0
1681746714464 86.69999999999999 0
1681746889380 85.66666666666667 0
1681747064393 89.8 0
1681747241346 89.28 0
1681747417618 88.93333333333334 0
1681747596089 88.68571428571428 0
1681747775236 87.55000000000001 0
1681747953655 87.77777777777777 0
1681748131880 88.22 0
1681748311030 86.47272727272727 0
1681748491908 85.78333333333335 0
1681748672684 84.67692307692309 0
1681748853224 86.4 0
1681749035404 85.18666666666667 0
1681749216934 84.3875 0
1681749399862 83.22352941176472 0
1681749580658 83.47777777777779 0
1681749765206 82.21052631578948 0
1681749949259 83.78999999999999 0
