1708635828742 68.60000000000001 0
1708636419205 59.8 1
1708637009612 53.400000000000006 2
1708637600479 50.6 3
1708638193517 43.0 4
1708638787268 42.4 5
1708639386426 38.800000000000004 6
1708639981622 34.599999999999994 7
1708640574435 31.6 8
1708641173622 33.800000000000004 9
1708641768182 31.4 10
1708642368169 29.799999999999997 11
1708642959661 27.800000000000004 12
1708643555502 27.6 13
1708644155319 26.6 14
1708644759642 21.0 15
1708645349727 20.599999999999998 16
1708645944525 19.8 17
1708646542320 19.8 18
