1708635239605 70.19999999999999 0
1708635828754 69.6 1
1708636419228 63.6 2
1708637009647 62.6 3
1708637600526 70.19999999999999 4
1708638193577 61.8 5
1708638787341 64.2 6
1708639386513 61.8 7
1708639981722 60.4 8
1708640574551 64.0 9
1708641173752 59.4 10
1708641768326 60.199999999999996 11
1708642368332 55.60000000000001 12
1708642959843 56.99999999999999 13
1708643555700 56.99999999999999 14
1708644155536 57.599999999999994 15
1708644759915 47.0 16
1708645349980 49.2 17
1708645944802 49.8 18
1708646542620 48.8 19
