1708635239571 70.19999999999999 0
1708635828708 63.0 1
1708636419171 51.93333333333334 2
1708637009577 48.300000000000004 3
1708637600442 46.56 4
1708638193481 40.93333333333334 5
1708638787230 38.57142857142857 6
1708639386388 35.849999999999994 7
1708639981584 33.24444444444444 8
1708640574396 31.4 9
1708641173583 29.563636363636363 10
1708641768139 27.616666666666664 11
1708642368128 26.276923076923076 12
1708642959619 25.47142857142857 13
1708643555459 24.68 14
1708644155276 24.1 15
1708644759590 21.18823529411765 16
1708645349681 20.566666666666666 17
1708645944478 19.989473684210527 18
1708646542272 19.46 19
