1708635239583 70.19999999999999 0
1708635828720 75.4 1
1708636419182 72.60000000000001 2
1708637009589 73.0 3
1708637600455 73.72 4
1708638193493 71.03333333333333 5
1708638787243 71.22857142857143 6
1708639386401 70.975 7
1708639981597 69.84444444444445 8
1708640574410 69.83999999999999 9
1708641173596 69.14545454545456 10
1708641768153 69.05 11
1708642368142 68.27692307692307 12
1708642959633 68.67142857142859 13
1708643555473 67.90666666666665 14
1708644155291 68.175 15
1708644759608 65.91764705882353 16
1708645349696 66.04444444444444 17
1708645944494 64.9578947368421 18
1708646542288 64.60999999999999 19
