1682816451730 83.6 0
1682817293925 76.4 1
1682818136331 72.60000000000001 2
1682818971558 70.39999999999999 3
1682819807461 70.6 4
1682820642054 66.6 5
1682821473274 64.8 6
1682822303204 63.55 7
1682823134463 61.17777777777778 8
1682823961300 59.48 9
1682824781158 58.00000000000001 10
1682825597421 57.783333333333324 11
1682826412892 56.661538461538456 12
1682827226315 57.07142857142857 13
1682828035715 56.13333333333333 14
1682828840896 55.125 15
1682829644466 53.964705882352945 16
1682830445425 52.388888888888886 17
1682831244246 51.93684210526315 18
1682831520644 52.14 19
