1682816451747 83.6 0
1682817293942 88.4 1
1682818136349 90.93333333333334 2
1682818971576 91.45000000000002 3
1682819807479 92.12 4
1682820642071 92.46666666666668 5
1682821473291 91.85714285714286 6
1682822303221 92.32499999999999 7
1682823134481 91.55555555555556 8
1682823961307 90.97999999999999 9
1682824781178 90.85454545454546 10
1682825597438 91.14999999999999 11
1682826412910 91.58461538461542 12
1682827226334 91.87142857142858 13
1682828035734 92.29333333333335 14
1682828840914 92.2375 15
1682829644475 92.45882352941177 16
1682830445434 92.17777777777778 17
1682831244265 92.05263157894737 18
1682831520653 92.31 19
