1682863382097 87.4 0
1682863688415 72.39999999999999 1
1682863994902 68.60000000000001 2
1682864303146 69.19999999999999 3
1682864611669 64.60000000000001 4
1682864921177 63.2 5
1682865230522 60.4 6
1682865540687 58.199999999999996 7
1682865851596 59.599999999999994 8
1682866162586 53.800000000000004 9
1682866474897 61.4 10
1682866787510 57.99999999999999 11
1682867101401 61.0 12
1682867415513 55.400000000000006 13
1682867731055 50.4 14
1682868046765 53.0 15
1682868362892 63.6 16
1682868680333 53.800000000000004 17
1682868998112 57.99999999999999 18
1682869316286 56.00000000000001 19
