1682863382069 87.4 0
1682863688375 48.0 1
1682863994854 30.666666666666668 2
1682864303088 23.549999999999997 3
1682864611601 18.48 4
1682864921100 14.466666666666669 5
1682865230415 13.657142857142857 6
1682865540589 11.924999999999999 7
1682865851489 10.311111111111112 8
1682866162466 9.2 9
1682866474766 7.872727272727274 10
1682866787366 7.3999999999999995 11
1682867101246 6.846153846153846 12
1682867415345 6.671428571428572 13
1682867730874 6.466666666666667 14
1682868046573 5.775 15
1682868362664 5.411764705882353 16
1682868680111 5.222222222222222 17
1682868997875 4.873684210526316 18
1682869316036 4.7 19
