1682863382080 87.4 0
1682863688388 81.69999999999999 1
1682863994867 73.53333333333335 2
1682864303102 74.7 3
1682864611615 71.96000000000001 4
1682864921113 69.5 5
1682865230429 68.28571428571428 6
1682865540603 65.725 7
1682865851501 66.3777777777778 8
1682866162481 59.339999999999996 9
1682866474779 59.50909090909091 10
1682866787381 61.599999999999994 11
1682867101260 60.0923076923077 12
1682867415359 58.728571428571435 13
1682867730889 53.65333333333333 14
1682868046586 54.7875 15
1682868362678 58.22352941176471 16
1682868680126 60.300000000000004 17
1682868997890 60.1157894736842 18
1682869316049 63.86 19
