1682633457880 84.8 0
1682633702585 62.8 0
1682633947001 53.73333333333333 0
1682634192600 52.85 0
1682634438940 43.8 0
1682634685809 37.300000000000004 0
1682634933090 36.0 0
1682635181282 32.75 0
1682635429902 34.666666666666664 0
1682635679422 30.82 0
1682635930017 30.545454545454547 0
1682636181001 29.36666666666667 0
1682636432317 31.092307692307696 0
1682636684033 25.028571428571432 0
1682636936635 25.65333333333334 0
1682637190003 26.6875 0
1682637444033 23.529411764705884 0
1682637698237 26.688888888888886 0
1682637953311 28.842105263157894 0
1682638209229 29.93 0
