1682633457866 84.8 0
1682633702571 44.9 0
1682633946988 28.933333333333334 0
1682634192587 22.400000000000002 0
1682634438927 16.52 0
1682634685795 14.333333333333334 0
1682634933076 10.2 0
1682635181268 10.3 0
1682635429888 10.11111111111111 0
1682635679408 9.360000000000001 0
1682635930003 5.9818181818181815 0
1682636180988 5.283333333333332 0
1682636432305 6.092307692307693 0
1682636684020 6.557142857142858 0
1682636936622 6.173333333333334 0
1682637189990 5.175 0
1682637444020 5.047058823529412 0
1682637698223 5.133333333333334 0
1682637953297 4.663157894736842 0
1682638209216 4.5200000000000005 0
