1679494713584 78.2 0
1679495878463 70.0 0
1679497044077 64.60000000000001 0
1679498223164 61.8 0
1679499405486 56.599999999999994 0
1679500584268 59.0 0
1679501750914 56.39999999999999 0
1679502924821 58.8 0
1679504084938 53.2 0
1679505260237 53.400000000000006 0
1679506438030 47.8 0
1679507616792 51.2 0
1679508796764 46.800000000000004 0
1679509992363 46.2 0
1679511198359 46.6 0
1679512380463 44.0 0
1679513562594 42.6 0
1679514746800 41.199999999999996 0
1679515929699 40.2 0
1679517114894 40.400000000000006 0
