1679494713580 78.2 0
1679495878455 35.199999999999996 0
1679497044065 20.8 0
1679498223146 15.0 0
1679499405463 11.799999999999999 0
1679500584241 8.799999999999999 0
1679501750879 9.0 0
1679502924782 7.000000000000001 0
1679504084895 4.6 0
1679505260186 2.4 0
1679506437974 4.2 0
1679507616727 1.4000000000000001 0
1679508796691 1.7999999999999998 0
1679509992284 1.4000000000000001 0
1679511198271 3.5999999999999996 0
1679512380362 1.2 0
1679513562485 1.6 0
1679514746685 2.0 0
1679515929574 1.0 0
1679517114750 0.8 0
