1679494713576 78.2 0
1679495878451 77.9 0
1679497044061 74.39999999999999 0
1679498223142 70.4 0
1679499405459 66.84 0
1679500584237 67.83333333333333 0
1679501750874 66.11428571428571 0
1679502924778 66.45 0
1679504084890 66.46666666666667 0
1679505260181 64.88000000000001 0
1679506437969 62.218181818181826 0
1679507616722 62.43333333333333 0
1679508796686 61.430769230769215 0
1679509992279 59.414285714285704 0
1679511198265 57.599999999999994 0
1679512380356 57.4625 0
1679513562479 55.57647058823529 0
1679514746679 55.17777777777778 0
1679515929567 54.747368421052634 0
1679517114743 53.40999999999999 0
