1679494713572 78.2 0
1679495878434 60.39999999999999 0
1679497044044 44.73333333333333 0
1679498223126 34.45 0
1679499405442 28.360000000000003 0
1679500584220 26.066666666666666 0
1679501750869 22.485714285714288 0
1679502924773 19.975 0
1679504084874 17.08888888888889 0
1679505260176 14.580000000000002 0
1679506437952 12.254545454545456 0
1679507616705 12.5 0
1679508796669 10.23076923076923 0
1679509992262 10.0 0
1679511198248 9.559999999999999 0
1679512380339 8.6375 0
1679513562461 8.188235294117646 0
1679514746672 7.200000000000001 0
1679515929550 6.863157894736842 0
1679517114736 6.140000000000001 0
