1681471360116 82.6 0
1681472364380 80.80000000000001 0
1681473378468 83.2 0
1681474386779 81.2 0
1681475391855 84.39999999999999 0
1681476393725 83.0 0
1681477392826 82.19999999999999 0
1681478318285 82.8 0
1681479237882 80.60000000000001 0
1681480157208 80.2 0
1681481070920 80.80000000000001 0
1681481981013 81.2 0
1681482889285 81.2 0
1681483797427 80.4 0
1681484702608 79.80000000000001 0
1681485605839 78.2 0
1681486506815 81.0 0
1681487404354 79.60000000000001 0
1681488299329 77.4 0
1681488615112 78.2 0
