1681471360102 82.6 0
1681472364362 84.4 0
1681473378439 86.06666666666666 0
1681474386753 85.85 0
1681475391824 88.24000000000001 0
1681476393685 87.66666666666667 0
1681477392781 86.6 0
1681478318234 87.05000000000001 0
1681479237823 86.55555555555554 0
1681480157143 86.74 0
1681481070849 87.25454545454546 0
1681481980932 87.43333333333334 0
1681482889197 87.0769230769231 0
1681483797331 87.21428571428571 0
1681484702504 86.74666666666668 0
1681485605725 86.26249999999999 0
1681486506691 87.16470588235293 0
1681487404222 86.55555555555554 0
1681488299186 87.2 0
1681488614958 87.25 0
