1681471360090 82.6 0
1681472364351 68.2 0
1681473378427 60.666666666666664 0
1681474386742 54.949999999999996 0
1681475391813 55.48 0
1681476393673 51.833333333333336 0
1681477392770 49.628571428571426 0
1681478318225 45.875 0
1681479237812 43.48888888888889 0
1681480157131 42.44 0
1681481070837 42.92727272727273 0
1681481980921 39.03333333333334 0
1681482889185 39.723076923076924 0
1681483797319 37.27142857142858 0
1681484702493 34.42666666666667 0
1681485605714 34.41250000000001 0
1681486506679 31.71764705882353 0
1681487404210 30.82222222222222 0
1681488299175 30.252631578947366 0
1681488614946 29.360000000000003 0
