1708809865452 74.2 0
1708810879035 75.8 1
1708811887725 75.2 2
1708812913881 75.8 3
1708813916724 73.2 4
1708814947580 68.8 5
1708815985933 65.4 6
1708817010614 59.199999999999996 7
1708818047710 52.2 8
1708819083667 50.8 9
1708820119772 52.0 10
1708821157478 55.800000000000004 11
1708822204045 55.800000000000004 12
1708823255904 57.8 13
1708824312311 53.800000000000004 14
1708825378537 56.599999999999994 15
1708826465230 55.400000000000006 16
1708827534780 61.4 17
1708828608364 56.39999999999999 18
