1708808906769 76.6 0
1708809865408 71.39999999999999 1
1708810878973 41.199999999999996 2
1708811887652 28.999999999999996 3
1708812913788 18.8 4
1708813916617 9.4 5
1708814947447 5.6000000000000005 6
1708815985779 4.2 7
1708817010442 2.4 8
1708818047520 2.1999999999999997 9
1708819083465 3.0 10
1708820119531 2.8000000000000003 11
1708821157218 2.1999999999999997 12
1708822203761 2.1999999999999997 13
1708823255604 2.6 14
1708824311989 2.1999999999999997 15
1708825378174 2.0 16
1708826464828 1.0 17
1708827534366 6.0 18
1708828607926 1.2 19
