1708808906738 76.6 0
1708809865377 55.199999999999996 1
1708810878941 44.46666666666666 2
1708811887624 34.599999999999994 3
1708812913755 28.360000000000003 4
1708813916586 25.5 5
1708814947414 21.2 6
1708815985746 23.125 7
1708817010407 19.0 8
1708818047485 18.6 9
1708819083431 17.70909090909091 10
1708820119493 14.666666666666666 11
1708821157178 12.415384615384616 12
1708822203721 11.1 13
1708823255566 12.733333333333333 14
1708824311951 12.500000000000002 15
1708825378133 10.258823529411767 16
1708826464788 5.977777777777778 17
1708827534324 5.8315789473684205 18
1708828607884 6.63 19
