1708808906754 76.6 0
1708809865393 75.9 1
1708810878957 72.33333333333333 2
1708811887638 74.85 3
1708812913772 74.52 4
1708813916601 71.83333333333333 5
1708814947430 69.42857142857142 6
1708815985763 66.575 7
1708817010425 63.48888888888889 8
1708818047503 61.36 9
1708819083448 59.76363636363637 10
1708820119512 60.4 11
1708821157198 59.55384615384616 12
1708822203741 59.542857142857144 13
1708823255586 61.36000000000001 14
1708824311970 63.3 15
1708825378154 64.6705882352941 16
1708826464808 56.62222222222222 17
1708827534345 57.252631578947366 18
1708828607905 56.910000000000004 19
