1680266115518 80.4 0
1680266295730 58.400000000000006 0
1680266474060 29.400000000000002 0
1680266657448 23.499999999999996 0
1680266839632 22.8 0
1680267022310 14.366666666666665 0
1680267204914 13.8 0
1680267388412 11.975 0
1680267573114 10.31111111111111 0
1680267755141 8.48 0
1680267940362 8.781818181818181 0
1680268125352 7.566666666666667 0
1680268310307 7.815384615384616 0
1680268495266 6.814285714285715 0
1680268680911 5.533333333333333 0
1680268867239 5.125 0
1680269054255 2.894117647058824 0
1680269237626 4.722222222222222 0
1680269424899 3.9894736842105263 0
1680269611542 2.9899999999999998 0
