1680266115536 80.4 0
1680266295747 68.1 0
1680266474077 58.0 0
1680266657464 56.05 0
1680266839648 53.64 0
1680267022327 50.13333333333335 0
1680267204931 50.05714285714286 0
1680267388429 47.05 0
1680267573119 44.955555555555556 0
1680267755158 40.980000000000004 0
1680267940379 45.0 0
1680268125369 39.9 0
1680268310324 39.83076923076923 0
1680268495286 39.300000000000004 0
1680268680918 39.29333333333334 0
1680268867257 35.3125 0
1680269054272 33.71764705882352 0
1680269237633 35.0 0
1680269424917 32.74736842105263 0
1680269611560 34.1 0
