1689979769884 85.39999999999999 0
1689980080828 79.4 1
1689980393716 78.60000000000001 2
1689980709177 74.2 3
1689981026114 75.0 4
1689981344213 72.39999999999999 5
1689981663145 73.2 6
1689981983012 74.0 7
1689982301476 69.8 8
1689982621001 72.8 9
1689982935345 66.4 10
1689983255706 62.2 11
1689983575098 61.199999999999996 12
1689983894764 61.6 13
1689984217169 61.199999999999996 14
1689984544189 63.0 15
1689984866748 63.800000000000004 16
1689985187653 61.8 17
1689985509434 56.39999999999999 18
1689985832821 55.2 19
