1689980393706 88.8 0
1689980709157 43.8 1
1689981026084 36.0 2
1689981344173 22.400000000000002 3
1689981663093 22.400000000000002 4
1689981982950 20.4 5
1689982301403 13.8 6
1689982620916 12.8 7
1689982935249 11.0 8
1689983255598 11.4 9
1689983574977 14.799999999999999 10
1689983894630 11.799999999999999 11
1689984217021 8.799999999999999 12
1689984544028 8.6 13
1689984866573 5.800000000000001 14
1689985187464 3.5999999999999996 15
1689985509230 5.6000000000000005 16
1689985832603 3.4000000000000004 17
