1689979769874 85.39999999999999 0
1689980080809 50.6 1
1689980393686 35.6 2
1689980709137 22.8 3
1689981026064 18.8 4
1689981344153 19.400000000000002 5
1689981663073 18.8 6
1689981982929 17.0 7
1689982301382 17.2 8
1689982620894 14.000000000000002 9
1689982935227 12.8 10
1689983255576 10.2 11
1689983574955 9.4 12
1689983894608 9.0 13
1689984216982 6.6000000000000005 14
1689984544005 11.200000000000001 15
1689984866541 3.5999999999999996 16
1689985187441 5.0 17
1689985509206 2.8000000000000003 18
1689985832578 2.8000000000000003 19
