1689979769851 85.39999999999999 0
1689980080785 68.8 1
1689980393662 57.133333333333326 2
1689980709114 48.85 3
1689981026040 41.440000000000005 4
1689981344128 38.5 5
1689981663049 36.142857142857146 6
1689981982901 33.925 7
1689982301357 28.82222222222222 8
1689982620852 28.4 9
1689982935205 25.6 10
1689983255553 21.849999999999998 11
1689983574929 21.246153846153845 12
1689983894583 18.314285714285717 13
1689984216957 20.08 14
1689984543978 19.0625 15
1689984866515 16.682352941176468 16
1689985187414 14.944444444444445 17
1689985509179 14.65263157894737 18
1689985832551 12.88 19
