1689979769864 85.39999999999999 0
1689980080799 84.30000000000001 1
1689980393677 84.46666666666668 2
1689980709128 84.45 3
1689981026054 82.16 4
1689981344142 79.96666666666667 5
1689981663062 80.37142857142855 6
1689981982917 81.05000000000001 7
1689982301372 79.46666666666667 8
1689982620876 79.63999999999999 9
1689982935216 77.58181818181819 10
1689983255565 75.61666666666667 11
1689983574944 75.47692307692307 12
1689983894596 74.15714285714286 13
1689984216971 75.29333333333334 14
1689984543993 74.225 15
1689984866530 74.76470588235296 16
1689985187429 73.25555555555555 17
1689985509193 72.94736842105262 18
1689985832566 73.84 19
