1682693709035 83.39999999999999 0
1682693951958 43.9 0
1682694195979 29.133333333333336 0
1682694441018 22.8 0
1682694686294 17.6 0
1682694932188 14.233333333333333 0
1682695178885 13.257142857142858 0
1682695426427 11.625 0
1682695674509 10.044444444444444 0
1682695923776 9.34 0
1682696173341 7.6909090909090905 0
1682696423958 7.383333333333333 0
1682696674940 6.800000000000001 0
1682696926708 6.457142857142857 0
1682697178404 6.293333333333333 0
1682697429976 5.5375 0
1682697683135 5.129411764705883 0
1682697936740 5.2555555555555555 0
1682698191022 4.621052631578947 0
1682698445706 4.6 0
