1682693709048 83.39999999999999 0
1682693951971 72.89999999999999 0
1682694195993 55.666666666666664 0
1682694441031 53.5 0
1682694686307 51.8 0
1682694932201 46.9 0
1682695178898 50.4 0
1682695426441 41.725 0
1682695674523 40.044444444444444 0
1682695923789 39.54 0
1682696173355 37.54545454545455 0
1682696423971 36.88333333333333 0
1682696674952 36.07692307692308 0
1682696926722 31.17142857142857 0
1682697178419 36.38666666666666 0
1682697429990 32.6125 0
1682697683149 34.858823529411765 0
1682697936754 38.65555555555556 0
1682698191036 37.06315789473684 0
1682698445720 42.06999999999999 0
