1682738910526 75.8 0
1682739153472 44.6 0
1682739397809 29.400000000000002 0
1682739642795 21.55 0
1682739888130 19.04 0
1682740134290 14.833333333333334 0
1682740380030 13.4 0
1682740627224 11.375 0
1682740874867 10.4 0
1682741123231 9.14 0
1682741371130 8.381818181818183 0
1682741620719 7.733333333333334 0
1682741871234 6.953846153846154 0
1682742121206 6.557142857142857 0
1682742373248 6.053333333333333 0
1682742625992 5.5875 0
1682742879186 5.3999999999999995 0
1682743133083 4.688888888888888 0
1682743387609 4.947368421052632 0
1682743642248 4.77 0
