1682738910539 75.8 0
1682739153485 69.0 0
1682739397821 62.133333333333326 0
1682739642807 57.349999999999994 0
1682739888144 52.67999999999999 0
1682740134304 53.06666666666666 0
1682740380044 51.31428571428571 0
1682740627237 47.45 0
1682740874879 44.35555555555556 0
1682741123245 42.4 0
1682741371144 40.41818181818182 0
1682741620732 37.28333333333333 0
1682741871247 36.215384615384615 0
1682742121220 37.05714285714286 0
1682742373261 36.03999999999999 0
1682742626005 36.25 0
1682742879200 37.17647058823529 0
1682743133101 36.78888888888889 0
1682743387623 39.263157894736835 0
1682743642262 44.269999999999996 0
