1689941123703 84.2 0
1689941440921 44.6 1
1689941762381 31.8 2
1689942081771 21.4 3
1689942403873 21.8 4
1689942729853 22.8 5
1689943052604 13.200000000000001 6
1689943376311 13.200000000000001 7
1689943698651 7.8 8
1689944023001 8.4 9
1689944343776 6.800000000000001 10
1689944666127 5.800000000000001 11
1689944990794 5.800000000000001 12
1689945316339 7.199999999999999 13
1689945644248 6.800000000000001 14
1689945973605 4.6 15
1689946299608 4.6 16
1689946629718 3.5999999999999996 17
1689946959352 5.4 18
