1689940806376 78.8 0
1689941123713 75.2 1
1689941440940 73.6 2
1689941762410 74.0 3
1689942081810 72.0 4
1689942403923 67.2 5
1689942729914 64.8 6
1689943052675 64.60000000000001 7
1689943376394 63.6 8
1689943698746 64.2 9
1689944023107 62.0 10
1689944343894 62.6 11
1689944666257 57.4 12
1689944990937 59.599999999999994 13
1689945316495 61.8 14
1689945644418 54.800000000000004 15
1689945973787 53.400000000000006 16
1689946299805 52.800000000000004 17
1689946629932 51.800000000000004 18
1689946959580 48.8 19
