1689941123722 86.4 0
1689941440950 82.0 1
1689941762420 81.39999999999999 2
1689942081820 77.60000000000001 3
1689942403933 73.4 4
1689942729924 74.4 5
1689943052685 67.80000000000001 6
1689943376404 68.60000000000001 7
1689943698756 65.0 8
1689944023117 64.60000000000001 9
1689944343905 66.0 10
1689944666268 63.2 11
1689944990948 64.4 12
1689945316506 63.6 13
1689945644429 59.4 14
1689945973798 59.599999999999994 15
1689946299816 57.199999999999996 16
1689946629944 56.8 17
1689946959592 61.199999999999996 18
