1689940806346 78.8 0
1689941123671 65.1 1
1689941440890 51.4 2
1689941762346 44.25 3
1689942081741 36.0 4
1689942403839 34.43333333333334 5
1689942729810 31.114285714285717 6
1689943052569 28.3 7
1689943376278 24.533333333333335 8
1689943698619 23.6 9
1689944022967 20.345454545454544 10
1689944343744 18.516666666666666 11
1689944666093 17.661538461538463 12
1689944990758 14.900000000000002 13
1689945316304 15.946666666666665 14
1689945644195 15.5125 15
1689945973568 13.68235294117647 16
1689946299570 11.822222222222221 17
1689946629682 11.936842105263159 18
1689946959316 10.530000000000001 19
