1689940806356 78.8 0
1689941123684 80.80000000000001 1
1689941440902 79.53333333333333 2
1689941762361 79.44999999999999 3
1689942081751 77.88000000000001 4
1689942403853 74.66666666666667 5
1689942729826 74.54285714285713 6
1689943052583 73.5 7
1689943376291 73.35555555555555 8
1689943698630 74.26 9
1689944022980 70.43636363636364 10
1689944343755 69.1 11
1689944666105 68.35384615384615 12
1689944990772 67.91428571428573 13
1689945316317 68.21333333333334 14
1689945644222 67.2875 15
1689945973582 67.58823529411765 16
1689946299584 64.86666666666666 17
1689946629694 64.48421052631579 18
1689946959328 65.24 19
