1689885523953 86.0 0
1689885666418 60.6 1
1689885810268 47.8 2
1689885954272 46.800000000000004 3
1689886099090 32.800000000000004 4
1689886245655 31.6 5
1689886392682 39.800000000000004 6
1689886538135 24.0 7
1689886683931 30.599999999999998 8
1689886832376 23.400000000000002 9
1689886990455 22.6 10
1689887139949 28.999999999999996 11
1689887288216 20.200000000000003 12
1689887437182 22.2 13
1689887586950 25.4 14
1689887736872 23.799999999999997 15
1689887888254 10.0 16
1689888040639 23.200000000000003 17
1689888193099 26.400000000000002 18
1689888345824 20.4 19
