1689885523922 86.0 0
1689885666381 46.1 1
1689885810220 30.533333333333335 2
1689885954213 23.45 3
1689886099005 18.2 4
1689886245575 14.666666666666666 5
1689886392592 13.799999999999999 6
1689886538037 11.924999999999999 7
1689886683821 10.4 8
1689886832228 9.379999999999999 9
1689886990319 7.963636363636363 10
1689887139803 7.516666666666667 11
1689887288056 6.8307692307692305 12
1689887437012 6.614285714285715 13
1689887586765 6.493333333333333 14
1689887736675 5.825 15
1689887888040 5.482352941176471 16
1689888040379 5.2555555555555555 17
1689888192860 4.8 18
1689888345568 4.709999999999999 19
