1689885523935 86.0 0
1689885666391 76.4 1
1689885810231 60.26666666666667 2
1689885954226 57.55 3
1689886099026 53.160000000000004 4
1689886245589 52.333333333333336 5
1689886392606 56.39999999999999 6
1689886538048 47.125 7
1689886683833 45.24444444444445 8
1689886832245 36.980000000000004 9
1689886990333 41.0 10
1689887139817 44.63333333333333 11
1689887288070 38.169230769230765 12
1689887437024 39.78571428571429 13
1689887586779 38.74666666666667 14
1689887736689 38.4 15
1689887888055 37.65882352941177 16
1689888040401 39.87777777777777 17
1689888192871 39.97894736842105 18
1689888345582 37.739999999999995 19
