1708592491433 71.0 0
1708594185772 79.4 1
1708595918328 73.4 2
1708597609857 59.8 3
1708599234689 49.0 4
1708599948261 41.199999999999996 5
1708600645652 37.2 6
1708601341049 33.800000000000004 7
1708602037151 30.4 8
1708602733706 24.2 9
1708603430206 27.6 10
1708604128607 23.200000000000003 11
1708604827087 24.8 12
1708605526399 19.6 13
1708606226589 15.4 14
1708606926920 17.2 15
1708607628958 16.0 16
1708608331421 13.200000000000001 17
1708609035767 13.600000000000001 18
1708609739794 15.2 19
