1708592491414 71.0 0
1708594185753 48.6 1
1708595918309 51.666666666666664 2
1708597609837 49.05 3
1708599234670 43.32 4
1708599948243 39.86666666666667 5
1708600645634 37.714285714285715 6
1708601341030 36.025 7
1708602037133 33.111111111111114 8
1708602733687 31.360000000000003 9
1708603430186 29.781818181818178 10
1708604128589 28.05 11
1708604827068 27.615384615384617 12
1708605526379 26.257142857142856 13
1708606226571 25.38666666666666 14
1708606926901 23.625 15
1708607628938 22.58823529411765 16
1708608331403 21.07777777777778 17
1708609035748 20.2 18
1708609739774 19.04 19
