1708592491425 71.0 0
1708594185764 80.7 1
1708595918320 80.60000000000001 2
1708597609850 78.8 3
1708599234681 76.12 4
1708599948254 77.13333333333334 5
1708600645645 76.2 6
1708601341041 74.025 7
1708602037144 73.6888888888889 8
1708602733699 72.88000000000001 9
1708603430198 71.81818181818181 10
1708604128600 71.18333333333334 11
1708604827080 70.60000000000001 12
1708605526391 70.21428571428571 13
1708606226582 69.56 14
1708606926913 68.775 15
1708607628950 69.89411764705882 16
1708608331414 68.72222222222223 17
1708609035759 67.90526315789474 18
1708609739785 67.35 19
