1708819718948 80.2 0
1708821172191 72.2 1
1708822624926 65.60000000000001 2
1708824077477 29.599999999999998 3
1708825532086 62.6 4
1708826986440 51.6 5
1708828443140 59.599999999999994 6
1708829898297 58.599999999999994 7
1708831352907 59.199999999999996 8
1708832810190 54.800000000000004 9
1708834268900 55.00000000000001 10
1708835729490 54.0 11
1708837192851 47.8 12
1708838655772 49.2 13
1708840119663 44.800000000000004 14
1708841584355 45.4 15
1708843051838 47.0 16
1708844518448 39.4 17
1708845985078 42.199999999999996 18
1708847454749 45.6 19
