1708821172204 82.19999999999999 0
1708822624940 76.8 1
1708824077490 58.599999999999994 2
1708825532100 70.39999999999999 3
1708826986454 61.8 4
1708828443154 68.2 5
1708829898312 65.2 6
1708831352922 67.60000000000001 7
1708832810205 65.8 8
1708834268916 62.6 9
1708835729507 65.0 10
1708837192868 62.2 11
1708838655788 59.0 12
1708840119682 60.6 13
1708841584372 57.599999999999994 14
1708843051855 55.800000000000004 15
1708844518466 50.2 16
1708845985095 48.199999999999996 17
1708847454768 55.2 18
