1708819718920 80.2 0
1708821172150 77.19999999999999 1
1708822624871 76.8 2
1708824077408 55.15 3
1708825532002 74.76 4
1708826986342 59.5 5
1708828443019 72.28571428571429 6
1708829898165 69.825 7
1708831352758 69.77777777777777 8
1708832810025 68.16 9
1708834268707 65.85454545454546 10
1708835729283 65.58333333333334 11
1708837192630 57.93846153846154 12
1708838655522 63.57142857142857 13
1708840119363 61.74666666666666 14
1708841584076 61.199999999999996 15
1708843051529 61.752941176470586 16
1708844518108 53.72222222222222 17
1708845984723 51.5578947368421 18
1708847454365 58.34000000000001 19
