1708819718907 80.2 0
1708821172136 62.5 1
1708822624857 52.73333333333333 2
1708824077394 19.799999999999997 3
1708825531988 42.120000000000005 4
1708826986328 18.166666666666668 5
1708828443004 31.02857142857143 6
1708829898150 26.85 7
1708831352743 24.77777777777778 8
1708832810010 24.759999999999998 9
1708834268692 22.38181818181818 10
1708835729267 21.716666666666665 11
1708837192613 16.446153846153848 12
1708838655505 18.585714285714285 13
1708840119344 15.906666666666668 14
1708841584059 15.725000000000001 15
1708843051512 14.564705882352941 16
1708844518090 9.61111111111111 17
1708845984703 7.221052631578947 18
1708847454346 11.61 19
