1709548066631 79.2 0
1709548661815 78.0 1
1709549256231 73.2 2
1709549848197 72.2 3
1709550441899 70.8 4
1709551034088 69.8 5
1709551626079 67.2 6
1709552200460 65.2 7
1709552772394 65.2 8
1709553344333 63.800000000000004 9
1709553933444 62.2 10
1709554535699 59.199999999999996 11
1709555128869 59.199999999999996 12
1709555724582 57.199999999999996 13
1709556326777 56.00000000000001 14
1709556927959 54.400000000000006 15
1709557528700 51.800000000000004 16
1709558105231 55.2 17
1709558712399 54.0 18
