1709547485686 80.2 0
1709548066624 81.39999999999999 1
1709548661808 80.0 2
1709549256224 77.8 3
1709549848190 73.8 4
1709550441891 71.8 5
1709551034080 72.0 6
1709551626071 70.19999999999999 7
1709552200453 69.19999999999999 8
1709552772386 67.60000000000001 9
1709553344325 67.80000000000001 10
1709553933436 68.0 11
1709554535690 66.4 12
1709555128860 63.800000000000004 13
1709555724573 64.8 14
1709556326767 60.199999999999996 15
1709556927950 59.599999999999994 16
1709557528690 62.0 17
1709558105221 58.599999999999994 18
1709558712388 61.6 19
