1709547485655 80.2 0
1709548066585 62.400000000000006 1
1709548661772 60.86666666666667 2
1709549256180 56.5 3
1709549848140 53.6 4
1709550441822 50.333333333333336 5
1709551034001 46.34285714285714 6
1709551625995 42.22500000000001 7
1709552200358 39.62222222222223 8
1709552772266 37.88 9
1709553344192 35.018181818181816 10
1709553933306 32.699999999999996 11
1709554535553 31.399999999999995 12
1709555128708 28.52857142857143 13
1709555724414 26.746666666666663 14
1709556326590 25.375 15
1709556927762 24.44705882352941 16
1709557528490 24.188888888888886 17
1709558105010 22.210526315789473 18
1709558712160 21.520000000000003 19
