1708767700736 79.4 0
1708768695956 67.5 1
1708769739028 59.199999999999996 2
1708770783947 44.5 3
1708771830194 45.64 4
1708772876705 43.36666666666667 5
1708774190052 38.68571428571429 6
1708776720977 33.8 7
1708779570040 32.46666666666667 8
1708782613477 30.799999999999994 9
1708785658998 28.90909090909091 10
1708788496143 27.13333333333333 11
1708791228736 25.83076923076923 12
1708793910915 23.62857142857143 13
1708796526205 22.946666666666665 14
1708799071563 19.987499999999997 15
1708801552326 20.270588235294117 16
1708803968878 19.388888888888886 17
1708806377996 18.147368421052633 18
1708808749115 17.87 19
