1682708811257 74.6 0
1682709055643 41.6 0
1682709300583 27.399999999999995 0
1682709545880 22.5 0
1682709791645 17.2 0
1682710037813 13.766666666666666 0
1682710285179 12.942857142857145 0
1682710533480 11.375 0
1682710782321 9.911111111111111 0
1682711031662 9.1 0
1682711281653 7.545454545454546 0
1682711532139 7.1000000000000005 0
1682711783362 6.553846153846154 0
1682712035422 6.3 0
1682712287935 6.373333333333333 0
1682712541322 5.175 0
1682712794714 5.094117647058823 0
1682713049320 5.0 0
1682713304520 4.410526315789474 0
1682713560818 4.5 0
