1682708811270 74.6 0
1682709055656 66.3 0
1682709300597 48.0 0
1682709545894 44.3 0
1682709791658 42.68 0
1682710037826 42.4 0
1682710285193 40.62857142857143 0
1682710533493 39.425 0
1682710782334 43.2 0
1682711031675 35.88 0
1682711281668 33.018181818181816 0
1682711532154 30.733333333333334 0
1682711783377 29.492307692307694 0
1682712035436 30.17142857142857 0
1682712287948 30.386666666666663 0
1682712541336 28.3625 0
1682712794727 28.517647058823528 0
1682713049333 28.311111111111114 0
1682713304534 29.242105263157896 0
1682713560831 31.060000000000002 0
