1708598950877 81.6 0
1708599935263 57.199999999999996 1
1708600898220 42.8 2
1708601864639 44.800000000000004 3
1708602830840 43.2 4
1708603796637 25.2 5
1708604765136 20.599999999999998 6
1708605732739 30.2 7
1708606699702 32.2 8
1708607672160 31.8 9
1708608640027 24.0 10
1708609615971 33.800000000000004 11
1708610590049 24.6 12
1708611567484 23.799999999999997 13
1708612543434 27.800000000000004 14
1708613521405 40.2 15
1708614500559 32.0 16
1708615482570 22.2 17
1708616463816 25.6 18
1708617446663 28.199999999999996 19
