1708599935274 80.80000000000001 0
1708600898232 43.8 1
1708601864651 49.2 2
1708602830852 36.4 3
1708603796650 18.8 4
1708604765148 25.2 5
1708605732752 23.200000000000003 6
1708606699715 27.400000000000002 7
1708607672174 28.799999999999997 8
1708608640040 29.599999999999998 9
1708609615985 31.8 10
1708610590063 26.200000000000003 11
1708611567498 23.799999999999997 12
1708612543448 32.6 13
1708613521420 31.4 14
1708614500575 27.6 15
1708615482585 33.800000000000004 16
1708616463833 31.6 17
1708617446679 31.8 18
