1708598950851 81.6 0
1708599935228 69.0 1
1708600898173 54.133333333333326 2
1708601864580 55.099999999999994 3
1708602830767 50.760000000000005 4
1708603796551 32.3 5
1708604765034 33.114285714285714 6
1708605732624 37.724999999999994 7
1708606699569 39.35555555555556 8
1708607672015 38.7 9
1708608639865 37.2 10
1708609615789 37.11666666666666 11
1708610589856 27.98461538461538 12
1708611567267 33.51428571428571 13
1708612543203 33.413333333333334 14
1708613521149 34.8375 15
1708614500281 33.89411764705883 16
1708615482278 31.811111111111106 17
1708616463501 31.978947368421053 18
1708617446320 32.26 19
