1708598950838 81.6 0
1708599935217 40.60000000000001 1
1708600898162 25.266666666666666 2
1708601864568 21.099999999999998 3
1708602830754 16.36 4
1708603796539 10.266666666666667 5
1708604765020 11.0 6
1708605732610 10.325 7
1708606699556 9.533333333333333 8
1708607672001 8.68 9
1708608639851 7.872727272727272 10
1708609615775 6.433333333333334 11
1708610589842 5.338461538461538 12
1708611567253 6.357142857142857 13
1708612543188 5.973333333333334 14
1708613521132 5.225 15
1708614500265 4.658823529411765 16
1708615482262 4.833333333333333 17
1708616463484 4.231578947368422 18
1708617446304 3.85 19
