1709465657562 66.60000000000001 0
1709466071946 63.0 1
1709466487081 60.4 2
1709466894108 57.199999999999996 3
1709467310142 57.599999999999994 4
1709467727188 55.400000000000006 5
1709468145407 54.800000000000004 6
1709468562521 49.4 7
1709468981236 53.800000000000004 8
1709469398047 52.0 9
1709469818614 50.6 10
1709470242447 49.4 11
1709470662570 48.199999999999996 12
1709471081589 47.8 13
1709471500813 47.599999999999994 14
1709471922386 44.800000000000004 15
1709472348337 46.800000000000004 16
1709472772097 48.8 17
