1709464833189 62.0 0
1709465244906 60.4 1
1709465657549 55.400000000000006 2
1709466071932 59.4 3
1709466487067 58.8 4
1709466894093 57.199999999999996 5
1709467310127 56.99999999999999 6
1709467727174 56.8 7
1709468145392 56.39999999999999 8
1709468562506 52.2 9
1709468981220 49.8 10
1709469398031 51.800000000000004 11
1709469818598 48.0 12
1709470242430 47.199999999999996 13
1709470662553 44.2 14
1709471081572 47.599999999999994 15
1709471500794 44.4 16
1709471922368 47.599999999999994 17
1709472348319 41.8 18
1709472772078 47.8 19
