1709464833183 62.0 0
1709465244893 37.0 1
1709465657529 26.0 2
1709466071896 25.2 3
1709466487024 17.8 4
1709466894052 19.400000000000002 5
1709467310069 18.2 6
1709467727116 12.0 7
1709468145325 9.8 8
1709468562427 11.4 9
1709468981136 10.0 10
1709469397932 6.800000000000001 11
1709469818492 5.6000000000000005 12
1709470242314 4.3999999999999995 13
1709470662422 4.6 14
1709471081430 5.0 15
1709471500638 3.4000000000000004 16
1709471922203 4.2 17
1709472348142 3.5999999999999996 18
1709472771887 2.6 19
