1709464833177 62.0 0
1709465244886 63.400000000000006 1
1709465657522 60.53333333333334 2
1709466071887 60.75 3
1709466487012 59.760000000000005 4
1709466894045 57.86666666666667 5
1709467310054 57.285714285714285 6
1709467727109 56.1 7
1709468145318 55.62222222222222 8
1709468562420 53.1 9
1709468981128 52.14545454545455 10
1709469397924 51.916666666666664 11
1709469818484 51.67692307692308 12
1709470242305 49.800000000000004 13
1709470662414 49.50666666666667 14
1709471081421 48.7125 15
1709471500628 50.529411764705884 16
1709471922194 50.72222222222222 17
1709472348133 48.757894736842104 18
1709472771878 48.89 19
