1709464833159 62.0 0
1709465244869 49.9 1
1709465657505 38.13333333333333 2
1709466071867 32.35 3
1709466486992 28.160000000000004 4
1709466894027 25.633333333333336 5
1709467310040 22.542857142857144 6
1709467727091 19.150000000000002 7
1709468145300 17.333333333333332 8
1709468562402 16.2 9
1709468981109 13.545454545454545 10
1709469397905 12.65 11
1709469818466 11.246153846153845 12
1709470242287 9.671428571428573 13
1709470662395 10.973333333333334 14
1709471081412 9.5125 15
1709471500610 9.458823529411765 16
1709471922175 8.699999999999998 17
1709472348124 8.484210526315788 18
1709472771859 7.419999999999999 19
