1681784737367 89.2 0
1681784912326 90.8 0
1681785087198 88.0 0
1681785262674 90.2 0
1681785440333 89.8 0
1681785615579 68.60000000000001 0
1681785792682 86.2 0
1681785970113 74.2 0
1681786149430 90.60000000000001 0
1681786328565 89.4 0
1681786510827 82.8 0
1681786690854 67.80000000000001 0
1681786873196 68.60000000000001 0
1681787054444 68.60000000000001 0
1681787236481 68.0 0
1681787418079 66.60000000000001 0
1681787603417 70.19999999999999 0
1681787786392 67.0 0
1681787968723 68.0 0
1681788152989 86.2 0
