1681784737344 89.2 0
1681784912295 81.4 0
1681785087163 71.73333333333333 0
1681785262634 68.25 0
1681785440290 64.24000000000001 0
1681785615530 57.6 0
1681785792627 52.31428571428571 0
1681785970051 46.650000000000006 0
1681786149363 45.08888888888889 0
1681786328490 44.84 0
1681786510747 43.709090909090904 0
1681786690753 40.45 0
1681786873100 38.98461538461539 0
1681787054339 39.771428571428565 0
1681787236367 38.346666666666664 0
1681787417957 37.474999999999994 0
1681787603283 36.32941176470588 0
1681787786251 35.333333333333336 0
1681787968569 35.147368421052626 0
1681788152825 34.72 0
