1681784737354 89.2 0
1681784912307 92.69999999999999 0
1681785087175 90.53333333333335 0
1681785262646 90.35 0
1681785440301 89.16 0
1681785615541 83.33333333333334 0
1681785792638 87.42857142857142 0
1681785970063 84.475 0
1681786149374 85.82222222222222 0
1681786328500 86.30000000000001 0
1681786510758 85.4909090909091 0
1681786690772 84.53333333333333 0
1681786873111 84.78461538461539 0
1681787054351 85.35714285714286 0
1681787236379 85.50666666666667 0
1681787417968 84.7375 0
1681787603295 84.83529411764707 0
1681787786262 83.71111111111111 0
1681787968581 84.5578947368421 0
1681788152837 85.1 0
