1690073801781 84.6 0
1690074087985 55.2 1
1690074375798 35.6 2
1690074663429 23.0 3
1690074952065 20.200000000000003 4
1690075247605 21.8 5
1690075537312 19.6 6
1690075832625 17.0 7
1690076123550 14.000000000000002 8
1690076413949 13.600000000000001 9
1690076705592 11.600000000000001 10
1690076997408 8.200000000000001 11
1690077289625 11.200000000000001 12
1690077582965 9.8 13
1690077877185 6.6000000000000005 14
1690078171268 8.799999999999999 15
1690078465864 7.3999999999999995 16
1690078761452 12.0 17
1690079057795 9.4 18
1690079355041 12.2 19
