1690073801771 84.6 0
1690074087975 87.80000000000001 1
1690074375788 86.86666666666667 2
1690074663419 85.80000000000001 3
1690074952054 85.96000000000001 4
1690075247595 85.46666666666665 5
1690075537302 85.31428571428572 6
1690075832614 84.5 7
1690076123539 82.71111111111111 8
1690076413938 81.64 9
1690076705581 81.39999999999999 10
1690076997397 81.98333333333333 11
1690077289614 81.89230769230768 12
1690077582953 82.05714285714286 13
1690077877173 82.29333333333334 14
1690078171256 81.825 15
1690078465852 81.31764705882352 16
1690078761440 80.8 17
1690079057783 81.08421052631579 18
1690079355028 79.55 19
