1690073801756 84.6 0
1690074087960 73.2 1
1690074375774 61.46666666666667 2
1690074663406 51.95 3
1690074952041 49.64 4
1690075247581 42.5 5
1690075537287 42.371428571428574 6
1690075832599 37.925000000000004 7
1690076123525 31.311111111111114 8
1690076413924 29.7 9
1690076705567 26.745454545454546 10
1690076997383 26.25 11
1690077289599 25.23076923076923 12
1690077582939 23.942857142857147 13
1690077877159 23.613333333333333 14
1690078171242 21.5875 15
1690078465837 20.270588235294117 16
1690078761425 19.68888888888889 17
1690079057768 17.473684210526315 18
1690079355013 18.060000000000002 19
