1708746685206 83.6 0
1708747678379 68.8 1
1708748721141 66.0 2
1708749764081 63.0 3
1708750809499 63.6 4
1708751855859 59.599999999999994 5
1708752907158 55.2 6
1708753954180 50.8 7
1708755004895 47.599999999999994 8
1708756056505 46.800000000000004 9
1708757107139 47.199999999999996 10
1708758159904 43.0 11
1708759213674 42.8 12
1708760268613 39.0 13
1708761324503 37.8 14
1708762380759 35.0 15
1708763437709 37.8 16
1708764495744 33.800000000000004 17
1708765553592 37.2 18
1708766611280 33.6 19
