1708746685211 83.6 0
1708747678390 82.39999999999999 1
1708748721156 78.2 2
1708749764101 74.4 3
1708750809524 75.6 4
1708751855889 74.2 5
1708752907194 71.6 6
1708753954222 67.60000000000001 7
1708755004944 68.8 8
1708756056560 69.39999999999999 9
1708757107201 67.0 10
1708758159972 66.2 11
1708759213751 63.800000000000004 12
1708760268696 63.0 13
1708761324595 63.4 14
1708762380860 58.8 15
1708763437820 59.599999999999994 16
1708764495864 58.199999999999996 17
1708765553724 60.0 18
1708766611421 57.199999999999996 19
