1708747678394 77.60000000000001 0
1708748721161 78.4 1
1708749764106 76.0 2
1708750809529 72.8 3
1708751855894 72.39999999999999 4
1708752907199 72.2 5
1708753954227 68.2 6
1708755004949 69.39999999999999 7
1708756056565 68.60000000000001 8
1708757107206 64.4 9
1708758159978 64.2 10
1708759213757 63.800000000000004 11
1708760268702 63.800000000000004 12
1708761324601 62.2 13
1708762380867 60.199999999999996 14
1708763437827 57.4 15
1708764495870 56.599999999999994 16
1708765553731 54.800000000000004 17
1708766611428 56.8 18
