1708746685198 83.6 0
1708747678372 80.0 1
1708748721133 76.2 2
1708749764074 75.05000000000001 3
1708750809492 73.28 4
1708751855852 72.39999999999999 5
1708752907150 71.28571428571428 6
1708753954172 68.75000000000001 7
1708755004888 69.35555555555555 8
1708756056497 69.2 9
1708757107131 67.67272727272729 10
1708758159896 65.66666666666667 11
1708759213667 63.0923076923077 12
1708760268606 62.628571428571426 13
1708761324495 63.426666666666655 14
1708762380751 62.775 15
1708763437702 61.2235294117647 16
1708764495736 58.57777777777777 17
1708765553584 59.6 18
1708766611272 60.11 19
