1708746685187 83.6 0
1708747678360 67.6 1
1708748721121 56.26666666666667 2
1708749764062 46.75000000000001 3
1708750809481 42.4 4
1708751855841 36.800000000000004 5
1708752907140 33.05714285714286 6
1708753954160 30.975 7
1708755004876 30.488888888888887 8
1708756056486 29.8 9
1708757107120 26.29090909090909 10
1708758159885 24.21666666666667 11
1708759213655 22.153846153846153 12
1708760268594 21.942857142857143 13
1708761324483 21.173333333333336 14
1708762380740 19.975 15
1708763437691 18.14117647058824 16
1708764495724 15.755555555555556 17
1708765553572 15.78947368421053 18
1708766611260 16.220000000000002 19
