1679366170835 88.0 0
1679366328830 74.9 0
1679366483538 68.66666666666667 0
1679366641469 58.3 0
1679366799845 56.64 0
1679366959342 54.333333333333336 0
1679367121579 48.85714285714287 0
1679367281136 46.975 0
1679367439729 42.644444444444446 0
1679367599855 39.32000000000001 0
1679367761396 39.78181818181818 0
1679367923110 36.96666666666667 0
1679368082293 37.46153846153846 0
1679368244839 36.84285714285714 0
1679368410173 30.94666666666667 0
1679368572630 30.7875 0
1679368737193 28.541176470588233 0
1679368901338 28.311111111111114 0
1679369067279 26.31578947368421 0
1679369232563 26.85 0
