1708634097660 11.799999999999999 0
1708634261047 11.799999999999999 1
1708634425425 11.799999999999999 2
1708634590712 11.799999999999999 3
1708634759547 11.799999999999999 4
1708634925277 11.799999999999999 5
1708635092262 11.799999999999999 6
1708635259866 11.799999999999999 7
1708635428425 11.799999999999999 8
1708635596593 11.799999999999999 9
1708635766439 11.799999999999999 10
1708635937422 11.799999999999999 11
1708636108943 11.799999999999999 12
1708636282311 11.799999999999999 13
1708636455971 11.799999999999999 14
1708636631216 11.799999999999999 15
1708636806210 11.799999999999999 16
1708636982058 11.799999999999999 17
1708637157984 11.799999999999999 18
1708637600914 17.4 19
