1708634097636 11.799999999999999 0
1708634261011 10.399999999999999 1
1708634425377 10.266666666666666 2
1708634590651 10.149999999999999 3
1708634759472 10.12 4
1708634925186 10.1 5
1708635092157 10.085714285714285 6
1708635259747 10.075 7
1708635428291 9.977777777777778 8
1708635596444 9.98 9
1708635766273 9.981818181818182 10
1708635937237 9.85 11
1708636108743 9.830769230769231 12
1708636282091 9.828571428571427 13
1708636455732 9.84 14
1708636630950 9.95 15
1708636805927 9.976470588235294 16
1708636981756 9.966666666666667 17
1708637157663 9.978947368421052 18
1708637600566 24.66 19
