1708634097623 0.0 0
1708634260999 0.0 1
1708634425365 0.0 2
1708634590638 0.0 3
1708634759459 1.2 4
1708634925173 1.0 5
1708635092144 0.8571428571428571 6
1708635259734 0.75 7
1708635428277 0.6666666666666666 8
1708635596430 0.6 9
1708635766258 0.6 10
1708635937223 0.5499999999999999 11
1708636108729 0.5076923076923077 12
1708636282075 0.4714285714285714 13
1708636455717 0.44 14
1708636630933 0.4125 15
1708636805911 0.388235294117647 16
1708636981740 0.36666666666666664 17
1708637157647 0.34736842105263155 18
1708637600549 3.59 19
