1681389220305 87.4 0
1681389383617 84.30000000000001 0
1681389550486 75.46666666666668 0
1681389722270 68.2 0
1681389891285 67.52000000000001 0
1681390060206 62.76666666666666 0
1681390229923 59.628571428571426 0
1681390399677 54.25 0
1681390572702 51.35555555555556 0
1681390742621 51.36 0
1681390916437 50.6 0
1681391089225 47.333333333333336 0
1681391263008 45.67692307692308 0
1681391436711 44.814285714285724 0
1681391611433 41.186666666666675 0
1681391785556 40.587500000000006 0
1681391961764 38.25882352941177 0
1681392139686 40.00000000000001 0
1681392316371 36.70526315789474 0
1681392493770 34.74999999999999 0
