1681389220322 87.4 0
1681389383628 90.4 0
1681389550498 90.53333333333335 0
1681389722282 89.15 0
1681389891297 89.8 0
1681390060217 89.16666666666667 0
1681390229934 87.6 0
1681390399688 87.875 0
1681390572714 87.64444444444445 0
1681390742633 87.76 0
1681390916448 88.07272727272728 0
1681391089237 88.08333333333333 0
1681391263019 87.63076923076922 0
1681391436724 87.15714285714284 0
1681391611444 86.50666666666666 0
1681391785566 86.67500000000001 0
1681391961775 87.39999999999999 0
1681392139699 86.53333333333333 0
1681392316382 86.6842105263158 0
1681392493781 86.64 0
