1682969168217 91.0 0
1682969283693 69.6 1
1682969400618 54.800000000000004 2
1682969519756 57.8 3
1682969650952 61.8 4
1682969782897 59.4 5
1682969914361 58.4 6
1682970046673 54.2 7
1682970178694 47.199999999999996 8
1682970311739 46.800000000000004 9
1682970445339 43.4 10
1682970578287 38.4 11
1682970712049 37.0 12
1682970845506 35.199999999999996 13
1682970980236 34.8 14
1682971114796 32.800000000000004 15
1682971249474 33.2 16
1682971384171 32.800000000000004 17
1682971519425 31.2 18
1682971654410 27.200000000000003 19
