1682969168222 91.0 0
1682969283706 88.0 1
1682969400635 85.2 2
1682969519781 87.2 3
1682969650981 84.6 4
1682969782931 83.0 5
1682969914404 85.0 6
1682970046724 83.6 7
1682970178752 84.39999999999999 8
1682970311805 84.39999999999999 9
1682970445414 84.2 10
1682970578370 82.19999999999999 11
1682970712143 83.2 12
1682970845607 82.0 13
1682970980347 83.8 14
1682971114917 82.39999999999999 15
1682971249617 86.0 16
1682971384310 85.39999999999999 17
1682971519578 84.2 18
1682971654581 85.39999999999999 19
