1682969168212 91.0 0
1682969283687 86.1 1
1682969400612 85.33333333333333 2
1682969519750 86.0 3
1682969650946 83.32 4
1682969782891 85.96666666666668 5
1682969914355 87.37142857142855 6
1682970046667 87.075 7
1682970178688 87.44444444444444 8
1682970311732 87.16 9
1682970445332 85.78181818181817 10
1682970578280 83.85000000000001 11
1682970712042 84.04615384615386 12
1682970845499 83.68571428571428 13
1682970980228 83.88000000000001 14
1682971114788 82.825 15
1682971249466 83.15294117647058 16
1682971384163 82.24444444444445 17
1682971519416 81.9578947368421 18
1682971654401 82.0 19
