1682969168195 91.0 0
1682969283670 76.0 1
1682969400595 67.33333333333333 2
1682969519733 51.949999999999996 3
1682969650928 49.04 4
1682969782874 49.26666666666667 5
1682969914337 50.42857142857144 6
1682970046649 50.525000000000006 7
1682970178670 50.111111111111114 8
1682970311715 49.86 9
1682970445315 48.0 10
1682970578262 44.583333333333336 11
1682970712034 43.15384615384615 12
1682970845481 40.9 13
1682970980210 39.06666666666667 14
1682971114770 38.0 15
1682971249448 37.16470588235295 16
1682971384151 35.52222222222222 17
1682971519398 34.357894736842105 18
1682971654382 32.550000000000004 19
