1689875432769 23.400000000000002 0
1689875435956 23.400000000000002 1
1689875439813 23.400000000000002 2
1689875444319 23.400000000000002 3
1689875449548 23.400000000000002 4
1689875455475 23.400000000000002 5
1689875461973 23.400000000000002 6
1689875469513 23.400000000000002 7
1689875477121 23.400000000000002 8
1689875485491 23.400000000000002 9
1689875494578 23.400000000000002 10
1689875504344 23.400000000000002 11
1689875515095 23.400000000000002 12
1689875526081 23.400000000000002 13
1689875538043 23.400000000000002 14
1689875550742 23.400000000000002 15
1689875564164 23.400000000000002 16
1689875578167 23.400000000000002 17
1689875592893 23.400000000000002 18
1689878240242 89.0 19
