1689875432751 23.400000000000002 0
1689875435929 24.700000000000003 1
1689875439776 23.066666666666666 2
1689875444273 22.65 3
1689875449492 21.96 4
1689875455409 21.633333333333336 5
1689875461896 21.400000000000002 6
1689875469427 21.225 7
1689875477023 21.08888888888889 8
1689875485382 20.98 9
1689875494440 20.89090909090909 10
1689875504211 21.733333333333334 11
1689875514951 21.6 12
1689875525923 21.485714285714288 13
1689875537872 21.386666666666667 14
1689875550557 21.35 15
1689875563967 21.27058823529412 16
1689875577953 21.244444444444447 17
1689875592667 21.189473684210526 18
1689878239999 93.66999999999999 19
