1709264946582 78.60000000000001 0
1709265508675 76.8 1
1709266070521 71.39999999999999 2
1709266633947 66.60000000000001 3
1709267198102 63.6 4
1709267763339 59.4 5
1709268330071 61.6 6
1709268897725 59.4 7
1709269464692 58.199999999999996 8
1709270033080 54.2 9
1709270600625 54.400000000000006 10
1709271169182 55.400000000000006 11
1709271738084 53.2 12
1709272308462 52.2 13
1709272879010 52.400000000000006 14
1709273450995 50.2 15
1709274024073 50.8 16
1709274597132 51.6 17
1709275169853 49.8 18
