1709264398366 76.2 0
1709264946562 61.0 1
1709265508647 40.2 2
1709266070481 23.200000000000003 3
1709266633904 17.4 4
1709267198052 15.2 5
1709267763272 13.0 6
1709268330001 7.199999999999999 7
1709268897646 7.000000000000001 8
1709269464604 5.800000000000001 9
1709270032981 4.0 10
1709270600518 4.6 11
1709271169062 3.0 12
1709271737950 3.2 13
1709272308317 3.4000000000000004 14
1709272878856 2.1999999999999997 15
1709273450825 1.4000000000000001 16
1709274023886 1.7999999999999998 17
1709274596939 3.0 18
1709275169647 1.6 19
