1709264398359 76.2 0
1709264946555 78.60000000000001 1
1709265508640 77.39999999999999 2
1709266070474 73.89999999999999 3
1709266633897 71.16 4
1709267198045 69.16666666666667 5
1709267763259 68.25714285714285 6
1709268329994 66.1 7
1709268897639 66.6 8
1709269464596 64.62 9
1709270032973 62.345454545454544 10
1709270600510 63.79999999999999 11
1709271169053 63.38461538461539 12
1709271737941 62.02857142857142 13
1709272308301 60.84000000000001 14
1709272878847 59.725 15
1709273450815 59.576470588235296 16
1709274023871 59.87777777777777 17
1709274596929 59.642105263157895 18
1709275169637 59.010000000000005 19
