1689921660244 79.60000000000001 0
1689921803651 67.9 1
1689921947040 60.0 2
1689922091242 60.7 3
1689922236358 57.64 4
1689922382970 58.966666666666676 5
1689922529293 52.0 6
1689922675530 48.425 7
1689922823478 44.57777777777778 8
1689922971179 44.279999999999994 9
1689923119140 43.400000000000006 10
1689923268613 46.81666666666667 11
1689923418488 46.03076923076924 12
1689923569628 39.65714285714286 13
1689923720853 39.599999999999994 14
1689923872112 40.349999999999994 15
1689924025862 45.6235294117647 16
1689924180661 41.14444444444444 17
1689924332473 38.505263157894746 18
1689924486928 32.459999999999994 19
