1679331646176 82.19999999999999 0
1679331762565 55.400000000000006 0
1679331880534 39.4 0
1679331998370 31.8 0
1679332118251 29.2 0
1679332238621 25.0 0
1679332360409 23.200000000000003 0
1679332482602 19.2 0
1679332603766 20.200000000000003 0
1679332725591 17.8 0
1679332847678 14.799999999999999 0
1679332967920 11.200000000000001 0
1679333089692 11.4 0
1679333215451 13.4 0
1679333340575 10.8 0
1679333465559 12.4 0
1679333593297 4.2 0
1679333731648 11.600000000000001 0
1679333870795 5.0 0
1679334010807 9.0 0
