1679331646156 82.19999999999999 0
1679331762545 71.2 0
1679331880514 57.46666666666666 0
1679331998349 47.8 0
1679332118231 47.0 0
1679332238600 40.0 0
1679332360385 38.08571428571429 0
1679332482592 32.775 0
1679332603744 29.755555555555556 0
1679332725569 27.72 0
1679332847656 29.018181818181823 0
1679332967910 24.850000000000005 0
1679333089681 25.384615384615383 0
1679333215438 24.628571428571433 0
1679333340560 22.226666666666667 0
1679333465546 21.2625 0
1679333593274 18.92941176470588 0
1679333731635 19.822222222222223 0
1679333870770 17.505263157894735 0
1679334010782 17.22 0
