1679331646172 82.19999999999999 0
1679331762561 84.7 0
1679331880530 84.13333333333333 0
1679331998366 81.55 0
1679332118247 81.96 0
1679332238617 82.7 0
1679332360403 81.02857142857144 0
1679332482597 81.9 0
1679332603761 80.71111111111111 0
1679332725586 80.6 0
1679332847673 79.83636363636363 0
1679332967915 80.55000000000001 0
1679333089687 80.89230769230768 0
1679333215444 79.5 0
1679333340568 78.46666666666668 0
1679333465552 77.15 0
1679333593291 78.0 0
1679333731642 77.6888888888889 0
1679333870788 77.96842105263158 0
1679334010800 78.00999999999999 0
