1681643250816 86.6 0
1681644089549 69.39999999999999 0
1681644928153 42.0 0
1681645727945 41.0 0
1681646530289 33.2 0
1681647336053 25.2 0
1681648138336 25.4 0
1681648941765 20.200000000000003 0
1681649753924 25.4 0
1681650559809 15.8 0
1681651371350 14.799999999999999 0
1681652182938 13.200000000000001 0
1681652991233 13.8 0
1681653799923 13.0 0
1681654611758 10.8 0
1681655424581 8.799999999999999 0
1681656238618 4.3999999999999995 0
1681657045142 8.0 0
1681657858234 5.4 0
1681658670112 7.199999999999999 0
