1681643250795 86.6 0
1681644089528 78.8 0
1681644928131 60.73333333333333 0
1681645727921 46.05 0
1681646530267 51.64000000000001 0
1681647336031 39.93333333333333 0
1681648138314 40.51428571428572 0
1681648941743 33.925 0
1681649753902 32.28888888888889 0
1681650559786 30.220000000000006 0
1681651371337 29.74545454545455 0
1681652182915 26.033333333333335 0
1681652991210 25.892307692307693 0
1681653799899 25.814285714285713 0
1681654611745 23.0 0
1681655424557 21.137500000000003 0
1681656238594 20.705882352941178 0
1681657045117 20.099999999999998 0
1681657858209 16.978947368421053 0
1681658670097 16.25 0
