1681643250811 86.6 0
1681644089545 85.4 0
1681644928148 86.53333333333335 0
1681645727938 76.60000000000001 0
1681646530284 86.24 0
1681647336048 81.10000000000001 0
1681648138331 83.6857142857143 0
1681648941760 84.375 0
1681649753919 82.51111111111112 0
1681650559803 81.97999999999999 0
1681651371343 81.18181818181819 0
1681652182932 82.06666666666668 0
1681652991227 80.3076923076923 0
1681653799917 80.04285714285716 0
1681654611751 78.63999999999997 0
1681655424575 77.6625 0
1681656238611 79.64705882352939 0
1681657045134 78.05555555555554 0
1681657858227 78.23157894736843 0
1681658670104 77.91999999999999 0
