1689888524831 81.8 0
1689888667298 71.9 1
1689888810634 52.93333333333334 2
1689888954407 47.05 3
1689889098371 48.239999999999995 4
1689889242193 44.56666666666666 5
1689889387334 46.114285714285714 6
1689889534481 43.275000000000006 7
1689889682582 39.044444444444444 8
1689889837537 34.62 9
1689889987025 30.10909090909091 10
1689890135909 29.516666666666662 11
1689890285206 28.846153846153847 12
1689890434708 36.08571428571429 13
1689890583703 33.34666666666667 14
1689890735836 29.7875 15
1689890886969 31.341176470588234 16
1689891037848 30.855555555555554 17
1689891190215 30.31578947368421 18
1689891343027 33.11 19
