1689888524819 81.8 0
1689888667283 45.6 1
1689888810619 28.733333333333334 2
1689888954393 23.3 3
1689889098352 17.72 4
1689889242179 14.266666666666666 5
1689889387321 13.457142857142856 6
1689889534469 11.625 7
1689889682568 10.155555555555557 8
1689889837523 9.18 9
1689889987014 7.636363636363637 10
1689890135897 7.283333333333334 11
1689890285191 6.846153846153846 12
1689890434694 6.557142857142857 13
1689890583688 6.359999999999999 14
1689890735825 5.375 15
1689890886957 5.411764705882353 16
1689891037836 5.066666666666666 17
1689891190204 4.557894736842105 18
1689891343013 4.59 19
