1682808287774 85.2 0
1682808595050 80.8 1
1682808903367 67.8 2
1682809211139 71.55000000000001 3
1682809519913 68.04 4
1682809828885 62.03333333333334 5
1682810139392 64.37142857142858 6
1682810448959 60.599999999999994 7
1682810760082 59.51111111111111 8
1682811071156 61.839999999999996 9
1682811384175 61.472727272727276 10
1682811697134 60.883333333333326 11
1682812010656 59.892307692307696 12
1682812325187 56.58571428571429 13
1682812640538 57.70666666666667 14
1682812956184 56.7 15
1682813271675 61.6 16
1682813588230 62.099999999999994 17
1682813905157 60.74736842105262 18
1682814222988 62.42 19
