1682808287760 85.2 0
1682808595036 47.5 1
1682808903355 30.066666666666666 2
1682809211125 23.25 3
1682809519899 18.2 4
1682809828872 14.466666666666667 5
1682810139378 13.914285714285713 6
1682810448945 12.05 7
1682810760069 10.377777777777778 8
1682811071142 9.42 9
1682811384161 7.963636363636363 10
1682811697121 7.516666666666667 11
1682812010643 7.0 12
1682812325174 6.828571428571428 13
1682812640525 6.706666666666666 14
1682812956171 5.8375 15
1682813271661 5.435294117647059 16
1682813588215 5.244444444444444 17
1682813905142 4.8842105263157904 18
1682814222974 4.67 19
