1683098797948 1.7999999999999998 0
1683099688986 30.2 1
1683100579371 39.4 2
1683101467523 48.4 3
1683102356134 47.4 4
1683103230412 55.400000000000006 5
1683104112778 52.6 6
1683104992235 56.39999999999999 7
1683105841172 52.400000000000006 8
1683106644388 55.00000000000001 9
1683107444700 49.0 10
1683108239064 48.199999999999996 11
1683109032673 44.0 12
1683109820261 42.0 13
1683110605191 40.0 14
1683111386552 38.800000000000004 15
1683112165674 32.6 16
1683112941272 33.4 17
1683113212306 30.2 18
