1683097929373 88.8 0
1683098797919 45.0 1
1683099688952 42.4 2
1683100579341 43.75 3
1683101467493 47.480000000000004 4
1683102356103 43.833333333333336 5
1683103230393 51.199999999999996 6
1683104112746 50.3 7
1683104992204 51.666666666666664 8
1683105841143 50.279999999999994 9
1683106644355 48.56363636363637 10
1683107444668 46.19999999999999 11
1683108239031 45.58461538461537 12
1683109032640 44.65714285714286 13
1683109820227 43.05333333333333 14
1683110605156 41.6875 15
1683111386527 40.4470588235294 16
1683112165639 39.444444444444436 17
1683112941237 38.76842105263158 18
1683113212279 37.17 19
