1683097929391 88.8 0
1683098797936 79.19999999999999 1
1683099688970 78.46666666666665 2
1683100579359 79.79999999999998 3
1683101467510 82.2 4
1683102356121 82.66666666666667 5
1683103230400 85.71428571428571 6
1683104112764 86.85 7
1683104992221 87.71111111111112 8
1683105841154 87.44000000000001 9
1683106644373 87.03636363636365 10
1683107444685 86.48333333333335 11
1683108239049 86.70769230769231 12
1683109032658 87.75714285714287 13
1683109820246 86.96000000000001 14
1683110605175 86.64999999999999 15
1683111386535 86.56470588235295 16
1683112165657 86.45555555555556 17
1683112941255 86.02105263157895 18
1683113212288 86.24000000000001 19
