1708764433589 5.6000000000000005 0
1708764442805 5.6000000000000005 1
1708764452699 5.6000000000000005 2
1708764463666 5.6000000000000005 3
1708764475774 5.6000000000000005 4
1708764490840 5.6000000000000005 5
1708764506223 5.6000000000000005 6
1708764522257 5.6000000000000005 7
1708764539176 5.6000000000000005 8
1708764557397 5.6000000000000005 9
1708764577236 5.6000000000000005 10
1708764598089 5.6000000000000005 11
1708764620704 5.6000000000000005 12
1708764648181 5.6000000000000005 13
1708764674003 5.6000000000000005 14
1708764700748 5.6000000000000005 15
1708764728423 5.6000000000000005 16
1708764756425 5.6000000000000005 17
1708764785028 5.6000000000000005 18
1708774696716 88.8 19
