1682668838619 90.60000000000001 0
1682669083379 35.6 0
1682669329483 25.0 0
1682669576257 24.8 0
1682669823602 33.4 0
1682670071802 28.999999999999996 0
1682670320307 22.0 0
1682670569603 24.6 0
1682670819521 22.400000000000002 0
1682671070050 11.600000000000001 0
1682671321004 37.4 0
1682671572709 21.2 0
1682671824687 22.2 0
1682672077359 26.200000000000003 0
1682672330643 18.6 0
1682672585293 30.0 0
1682672840254 29.599999999999998 0
1682673095562 8.799999999999999 0
1682673351235 23.599999999999998 0
