1682668594389 82.39999999999999 0
1682668838611 50.6 0
1682669083370 40.400000000000006 0
1682669329474 35.6 0
1682669576248 30.0 0
1682669823593 31.0 0
1682670071793 26.0 0
1682670320298 17.8 0
1682670569594 22.0 0
1682670819512 11.799999999999999 0
1682671070041 24.8 0
1682671320995 19.400000000000002 0
1682671572699 16.8 0
1682671824677 17.8 0
1682672077349 33.0 0
1682672330633 7.3999999999999995 0
1682672585283 7.3999999999999995 0
1682672840243 11.799999999999999 0
1682673095551 10.0 0
1682673351224 5.0 0
