1682668594358 82.39999999999999 0
1682668838573 45.300000000000004 0
1682669083322 28.333333333333332 0
1682669329418 23.0 0
1682669576183 17.52 0
1682669823520 13.966666666666667 0
1682670071708 13.171428571428573 0
1682670320202 11.3 0
1682670569488 10.022222222222222 0
1682670819396 9.2 0
1682671069915 7.854545454545455 0
1682671320858 7.416666666666667 0
1682671572549 6.753846153846154 0
1682671824515 6.385714285714286 0
1682672077176 6.426666666666666 0
1682672330447 5.675 0
1682672585083 5.211764705882352 0
1682672839990 5.122222222222223 0
1682673095324 4.726315789473684 0
1682673350982 4.58 0
