1682668594372 82.39999999999999 0
1682668838586 70.60000000000001 0
1682669083336 53.666666666666664 0
1682669329431 52.8 0
1682669576195 49.67999999999999 0
1682669823532 43.333333333333336 0
1682670071721 46.028571428571425 0
1682670320216 39.025 0
1682670569503 42.48888888888889 0
1682670819410 37.7 0
1682671069928 36.98181818181818 0
1682671320871 37.6 0
1682671572562 37.98461538461539 0
1682671824528 33.34285714285714 0
1682672077188 36.96 0
1682672330461 32.712500000000006 0
1682672585097 30.529411764705884 0
1682672840003 33.86666666666667 0
1682673095338 32.22105263157894 0
1682673350996 32.88 0
