1680255184868 84.39999999999999 0
1680255362727 22.400000000000002 0
1680255540020 13.200000000000001 0
1680255717240 14.799999999999999 0
1680255893715 13.8 0
1680256071264 13.4 0
1680256250911 8.200000000000001 0
1680256430008 16.2 0
1680256608933 10.0 0
1680256787672 15.0 0
1680256968124 13.600000000000001 0
1680257149227 18.2 0
1680257328561 15.0 0
1680257512019 17.8 0
1680257695874 12.6 0
1680257876862 15.0 0
1680258057731 20.0 0
1680258243578 20.0 0
1680258439111 20.0 0
1680258633193 19.8 0
