1680255184864 84.39999999999999 0
1680255362723 58.5 0
1680255540016 54.93333333333334 0
1680255717236 50.5 0
1680255893711 50.8 0
1680256071259 47.166666666666664 0
1680256250906 46.142857142857146 0
1680256430003 39.9 0
1680256608928 34.888888888888886 0
1680256787667 37.2 0
1680256968118 34.0 0
1680257149218 35.71666666666666 0
1680257328554 35.90769230769231 0
1680257512013 33.18571428571429 0
1680257695867 29.720000000000002 0
1680257876854 28.0875 0
1680258057725 27.788235294117644 0
1680258243571 27.522222222222222 0
1680258439104 26.83157894736842 0
1680258633186 26.579999999999995 0
