1680255184847 84.39999999999999 0
1680255362706 50.900000000000006 0
1680255540000 32.800000000000004 0
1680255717219 22.95 0
1680255893694 20.8 0
1680256071242 14.866666666666667 0
1680256250890 13.342857142857143 0
1680256429986 11.475000000000001 0
1680256608911 9.02222222222222 0
1680256787650 9.56 0
1680256968113 8.50909090909091 0
1680257149199 7.316666666666666 0
1680257328547 7.215384615384616 0
1680257511996 6.414285714285714 0
1680257695850 5.1466666666666665 0
1680257876846 4.35 0
1680258057707 3.5294117647058822 0
1680258243553 3.566666666666667 0
1680258439087 3.1052631578947367 0
1680258633168 3.02 0
