1708682862609 76.2 0
1708683570695 52.5 1
1708684304632 46.333333333333336 2
1708685032948 39.0 3
1708685776272 30.48 4
1708686512227 23.433333333333337 5
1708687244102 22.02857142857143 6
1708687978587 16.275000000000002 7
1708688721272 16.022222222222222 8
1708689464048 15.24 9
1708690208870 13.872727272727273 10
1708690943970 13.866666666666667 11
1708691687471 12.96923076923077 12
1708692433588 11.728571428571428 13
1708693175499 11.213333333333333 14
1708693926019 10.437500000000002 15
1708694679765 9.24705882352941 16
1708695424670 9.08888888888889 17
1708696175397 6.48421052631579 18
1708696931344 5.95 19
