1708682862622 76.2 0
1708683570710 77.5 1
1708684304646 76.93333333333334 2
1708685032963 77.8 3
1708685776286 74.44 4
1708686512241 73.23333333333333 5
1708687244119 71.48571428571428 6
1708687978602 72.1 7
1708688721287 69.99999999999999 8
1708689464063 69.5 9
1708690208885 68.94545454545454 10
1708690943986 67.06666666666666 11
1708691687487 65.96923076923076 12
1708692433604 65.12857142857142 13
1708693175517 64.36 14
1708693926036 64.2375 15
1708694679784 64.62352941176471 16
1708695424687 58.599999999999994 17
1708696175414 59.88421052631579 18
1708696931362 57.980000000000004 19
