1682875967462 92.60000000000001 0
1682876275074 61.0 1
1682876583796 68.60000000000001 2
1682876893280 57.99999999999999 3
1682877204060 57.8 4
1682877513881 57.4 5
1682877824386 52.800000000000004 6
1682878137043 53.400000000000006 7
1682878449820 44.2 8
1682878762832 48.8 9
1682879076817 48.8 10
1682879391720 56.99999999999999 11
1682879707221 56.39999999999999 12
1682880022435 51.6 13
1682880338344 38.6 14
1682880655833 41.0 15
1682880973393 51.4 16
1682881291844 42.6 17
1682881610826 53.6 18
