1682875659734 87.2 0
1682875967453 73.0 1
1682876275065 69.8 2
1682876583787 71.0 3
1682876893271 67.60000000000001 4
1682877204051 64.2 5
1682877513872 59.599999999999994 6
1682877824376 54.0 7
1682878137034 57.599999999999994 8
1682878449811 63.0 9
1682878762823 61.4 10
1682879076807 62.0 11
1682879391710 66.60000000000001 12
1682879707210 62.6 13
1682880022425 58.4 14
1682880338334 54.400000000000006 15
1682880655822 55.00000000000001 16
1682880973382 54.0 17
1682881291833 65.0 18
1682881610814 58.199999999999996 19
