1682875659716 87.2 0
1682875967426 82.80000000000001 1
1682876275030 74.2 2
1682876583742 75.25000000000001 3
1682876893217 70.76 4
1682877203987 71.2 5
1682877513798 68.94285714285714 6
1682877824291 63.775 7
1682878136939 66.31111111111112 8
1682878449705 65.08000000000001 9
1682878762705 63.63636363636363 10
1682879076678 63.74999999999999 11
1682879391570 60.49230769230769 12
1682879707057 60.18571428571427 13
1682880022260 60.026666666666664 14
1682880338155 57.8125 15
1682880655630 59.27058823529413 16
1682880973175 61.21111111111112 17
1682881291611 60.11578947368421 18
1682881610578 64.73 19
