1682875659701 87.2 0
1682875967414 49.6 1
1682876275015 30.799999999999997 2
1682876583728 23.8 3
1682876893203 18.48 4
1682877203973 14.933333333333332 5
1682877513785 13.657142857142857 6
1682877824278 11.825 7
1682878136925 10.266666666666667 8
1682878449693 9.7 9
1682878762691 8.018181818181818 10
1682879076664 7.5 11
1682879391556 6.892307692307693 12
1682879707043 6.7 13
1682880022247 6.493333333333333 14
1682880338142 5.7250000000000005 15
1682880655617 5.517647058823529 16
1682880973161 5.2333333333333325 17
1682881291597 4.894736842105263 18
1682881610565 4.67 19
