1689855911644 90.2 0
1689856052345 43.8 1
1689856193678 29.799999999999997 2
1689856335421 19.8 3
1689856478943 22.400000000000002 4
1689856622752 23.400000000000002 5
1689856768293 32.2 6
1689856912535 14.6 7
1689857058285 20.8 8
1689857202926 17.599999999999998 9
1689857348677 28.799999999999997 10
1689857495423 20.599999999999998 11
1689857644997 22.400000000000002 12
1689857792190 28.000000000000004 13
1689857941278 17.4 14
1689858089689 24.4 15
1689858242977 28.000000000000004 16
1689858401747 17.4 17
1689858552785 35.0 18
