1689855770609 81.6 0
1689855911597 45.1 1
1689856052287 28.666666666666668 2
1689856193609 22.8 3
1689856335342 17.48 4
1689856478856 14.299999999999999 5
1689856622654 13.599999999999998 6
1689856768187 11.600000000000001 7
1689856912416 10.0 8
1689857058153 9.2 9
1689857202785 7.6 10
1689857348523 7.316666666666666 11
1689857495238 6.738461538461538 12
1689857644810 6.5 13
1689857791999 6.413333333333333 14
1689857941074 5.425 15
1689858089470 5.3999999999999995 16
1689858242745 5.044444444444444 17
1689858401496 4.589473684210526 18
1689858552522 4.53 19
