1689855770623 81.6 0
1689855911608 68.6 1
1689856052300 50.73333333333333 2
1689856193622 45.900000000000006 3
1689856335356 44.92 4
1689856478869 45.53333333333333 5
1689856622668 47.371428571428574 6
1689856768199 41.025000000000006 7
1689856912429 39.46666666666667 8
1689857058168 36.6 9
1689857202798 33.872727272727275 10
1689857348537 33.233333333333334 11
1689857495252 31.338461538461537 12
1689857644824 37.628571428571426 13
1689857792012 31.653333333333332 14
1689857941088 29.25 15
1689858089484 30.435294117647057 16
1689858242759 31.299999999999997 17
1689858401511 31.094736842105267 18
1689858552536 30.7 19
