1679436552610 71.0 0
1679437138400 72.39999999999999 0
1679437724483 71.39999999999999 0
1679438311211 70.19999999999999 0
1679438898367 67.2 0
1679439485045 64.60000000000001 0
1679440072980 63.0 0
1679440662004 63.6 0
1679441252802 63.2 0
1679441879907 60.6 0
1679442470388 59.199999999999996 0
1679443062365 58.199999999999996 0
1679443655179 56.00000000000001 0
1679444246792 55.2 0
1679444840904 53.400000000000006 0
1679445435307 55.00000000000001 0
1679446030717 52.0 0
1679446626356 55.400000000000006 0
