1679435382445 67.2 0
1679435967171 69.8 0
1679436552602 68.60000000000001 0
1679437138391 71.2 0
1679437724473 68.4 0
1679438311202 65.8 0
1679438898357 65.4 0
1679439485035 63.4 0
1679440072970 58.599999999999994 0
1679440661994 59.199999999999996 0
1679441252791 59.599999999999994 0
1679441879895 60.0 0
1679442470376 59.199999999999996 0
1679443062353 56.2 0
1679443655167 54.6 0
1679444246780 56.599999999999994 0
1679444840892 56.2 0
1679445435293 55.800000000000004 0
1679446030704 52.2 0
1679446626343 51.0 0
