1679435382421 67.2 0
1679435967142 50.60000000000001 0
1679436552569 49.06666666666666 0
1679437138352 50.15 0
1679437724430 47.120000000000005 0
1679438311154 41.93333333333334 0
1679438898312 40.57142857142857 0
1679439484965 39.725 0
1679440072902 38.46666666666667 0
1679440661922 35.32 0
1679441252710 33.56363636363636 0
1679441879804 31.133333333333336 0
1679442470279 29.523076923076925 0
1679443062251 27.142857142857142 0
1679443655061 25.826666666666668 0
1679444246660 24.55 0
1679444840763 22.929411764705883 0
1679445435163 22.055555555555557 0
1679446030560 20.957894736842103 0
1679446626192 20.41 0
