1679435382437 67.2 0
1679435967159 75.9 0
1679436552586 74.06666666666666 0
1679437138369 75.35 0
1679437724447 73.64000000000001 0
1679438311171 74.26666666666667 0
1679438898317 73.94285714285714 0
1679439484983 73.125 0
1679440072919 73.13333333333333 0
1679440661939 71.62 0
1679441252727 71.43636363636364 0
1679441879822 70.14999999999999 0
1679442470296 69.95384615384616 0
1679443062268 69.2 0
1679443655072 68.04 0
1679444246678 67.32499999999999 0
1679444840781 65.82352941176471 0
1679445435169 65.5 0
1679446030573 64.8736842105263 0
1679446626199 64.03999999999999 0
