1681802295368 20.200000000000003 0
1681802366078 20.200000000000003 0
1681802438083 20.200000000000003 0
1681802509894 20.200000000000003 0
1681802582277 20.200000000000003 0
1681802656010 20.200000000000003 0
1681802730258 20.200000000000003 0
1681802804919 20.200000000000003 0
1681802880298 20.200000000000003 0
1681802956695 20.200000000000003 0
1681803033927 20.200000000000003 0
1681803111161 20.200000000000003 0
1681803189114 20.200000000000003 0
1681803268502 20.200000000000003 0
1681803347650 20.200000000000003 0
1681803427109 20.200000000000003 0
1681803508058 20.200000000000003 0
1681803741393 47.8 0
