1681802154893 18.4 0
1681802225027 19.6 0
1681802295335 19.8 0
1681802366041 19.85 0
1681802438039 19.880000000000003 0
1681802509845 19.900000000000002 0
1681802582222 19.82857142857143 0
1681802655950 19.85 0
1681802730191 19.866666666666667 0
1681802804842 19.880000000000003 0
1681802880215 19.89090909090909 0
1681802956606 20.0 0
1681803033829 20.0 0
1681803111053 20.0 0
1681803188998 20.013333333333332 0
1681803268376 20.1625 0
1681803347515 20.14117647058824 0
1681803426963 20.1 0
1681803507901 20.210526315789473 0
1681803741225 46.709999999999994 0
