1681802154876 0.0 0
1681802225012 0.0 0
1681802295324 0.0 0
1681802366030 0.0 0
1681802438028 0.0 0
1681802509833 0.03333333333333333 0
1681802582211 0.028571428571428574 0
1681802655940 1.15 0
1681802730179 2.2222222222222223 0
1681802804830 2.0 0
1681802880205 1.8181818181818181 0
1681802956598 1.6666666666666667 0
1681803033817 1.646153846153846 0
1681803111042 1.5285714285714285 0
1681803188986 1.4266666666666665 0
1681803268364 1.3375 0
1681803347503 1.2588235294117647 0
1681803426950 1.1888888888888889 0
1681803507889 1.1263157894736842 0
1681803741214 10.8 0
