1708657106379 84.8 0
1708658068830 53.800000000000004 1
1708659030986 43.0 2
1708659991847 44.4 3
1708660953649 28.000000000000004 4
1708661921112 31.0 5
1708662892283 33.2 6
1708663860920 27.200000000000003 7
1708664828321 19.6 8
1708665797970 27.200000000000003 9
1708666765729 25.8 10
1708667735491 28.599999999999998 11
1708668707373 25.2 12
1708669680239 22.2 13
1708670660853 28.999999999999996 14
1708671643771 18.0 15
1708672633719 25.0 16
1708673611880 23.200000000000003 17
1708674589645 18.2 18
