1708656142999 76.2 0
1708657106332 60.4 1
1708658068770 56.53333333333334 2
1708659030911 50.0 3
1708659991764 47.64 4
1708660953551 41.16666666666667 5
1708661921001 37.62857142857143 6
1708662892155 39.775000000000006 7
1708663860773 33.733333333333334 8
1708664828157 26.860000000000003 9
1708665797797 31.309090909090912 10
1708666765532 30.316666666666666 11
1708667735285 34.87692307692308 12
1708668707147 31.37142857142857 13
1708669679994 28.293333333333333 14
1708670660587 29.700000000000003 15
1708671643488 29.576470588235292 16
1708672633405 30.644444444444446 17
1708673611556 30.778947368421058 18
1708674589300 27.57 19
