1679334178783 85.8 0
1679334310065 85.0 0
1679334442471 84.66666666666667 0
1679334575516 80.8 0
1679334708358 82.6 0
1679334839608 81.13333333333334 0
1679334961508 80.88571428571429 0
1679335083725 81.525 0
1679335206073 79.31111111111112 0
1679335329492 80.16 0
1679335453463 79.32727272727273 0
1679335576956 79.60000000000001 0
1679335701220 78.12307692307692 0
1679335826395 78.5142857142857 0
1679335951847 77.42666666666666 0
1679336077820 76.26249999999999 0
1679336204147 78.05882352941177 0
1679336330888 76.62222222222222 0
1679336458038 76.21052631578948 0
1679336585490 76.95000000000002 0
