1708672464490 83.6 0
1708673387081 42.0 1
1708674309733 37.0 2
1708675232469 21.0 3
1708676156539 14.399999999999999 4
1708677083456 11.4 5
1708678009905 11.4 6
1708678935894 11.0 7
1708679863823 7.199999999999999 8
1708680793391 7.000000000000001 9
1708681722266 6.4 10
1708682653669 6.0 11
1708683584822 5.0 12
1708684517157 4.3999999999999995 13
1708685450010 3.4000000000000004 14
1708686383499 3.2 15
1708687318033 3.4000000000000004 16
1708688252417 2.6 17
1708689186798 2.4 18
1708690124601 2.0 19
