1708672464503 83.6 0
1708673387108 77.60000000000001 1
1708674309772 73.8 2
1708675232520 71.6 3
1708676156603 72.39999999999999 4
1708677083538 67.60000000000001 5
1708678010001 65.8 6
1708678936001 63.6 7
1708679863946 60.4 8
1708680793532 63.800000000000004 9
1708681722419 61.199999999999996 10
1708682653840 59.4 11
1708683585017 53.6 12
1708684517370 57.4 13
1708685450245 54.800000000000004 14
1708686383749 51.0 15
1708687318305 53.800000000000004 16
1708688252716 53.400000000000006 17
1708689187115 52.0 18
1708690124942 54.6 19
