1708672464477 83.6 0
1708673387068 78.5 1
1708674309721 70.4 2
1708675232456 73.44999999999999 3
1708676156527 73.24 4
1708677083443 69.7 5
1708678009892 67.85714285714286 6
1708678935880 66.525 7
1708679863809 65.02222222222223 8
1708680793376 65.32000000000001 9
1708681722252 63.38181818181818 10
1708682653655 62.9 11
1708683584807 60.69230769230769 12
1708684517141 61.042857142857144 13
1708685449995 60.626666666666665 14
1708686383482 60.1375 15
1708687318017 58.400000000000006 16
1708688252399 57.8111111111111 17
1708689186781 57.11578947368421 18
1708690124584 56.269999999999996 19
