1708672464464 83.6 0
1708673387056 60.6 1
1708674309708 44.46666666666666 2
1708675232444 38.0 3
1708676156514 31.52 4
1708677083430 26.666666666666668 5
1708678009878 21.82857142857143 6
1708678935867 19.325 7
1708679863795 17.444444444444443 8
1708680793362 16.44 9
1708681722237 14.054545454545456 10
1708682653639 12.666666666666666 11
1708683584792 12.86153846153846 12
1708684517124 11.585714285714285 13
1708685449979 11.28 14
1708686383466 9.15 15
1708687318001 8.670588235294119 16
1708688252382 8.52222222222222 17
1708689186764 7.2631578947368425 18
1708690124567 7.01 19
