1689924668728 80.80000000000001 0
1689924812168 44.6 1
1689924957186 38.800000000000004 2
1689925102895 22.400000000000002 3
1689925247758 33.6 4
1689925393369 32.800000000000004 5
1689925538287 18.6 6
1689925684756 23.599999999999998 7
1689925832285 26.0 8
1689925980183 28.199999999999996 9
1689926128994 32.6 10
1689926278201 24.0 11
1689926426767 26.200000000000003 12
1689926576811 27.200000000000003 13
1689926728844 27.200000000000003 14
1689926884197 21.0 15
1689927035259 24.2 16
1689927187652 20.200000000000003 17
1689927340819 21.6 18
1689927493994 24.6 19
