1689924668709 80.80000000000001 0
1689924812140 68.2 1
1689924957148 58.73333333333333 2
1689925102847 50.9 3
1689925247682 48.8 4
1689925393300 48.23333333333333 5
1689925538208 48.6 6
1689925684667 43.675000000000004 7
1689925832183 45.75555555555556 8
1689925980071 47.26 9
1689926128870 46.50909090909091 10
1689926278065 41.56666666666667 11
1689926426619 39.646153846153844 12
1689926576649 38.01428571428572 13
1689926728669 39.12 14
1689926884008 39.2125 15
1689927035056 40.38823529411764 16
1689927187425 35.27777777777778 17
1689927340586 36.37894736842105 18
1689927493746 38.62 19
