1689924668696 80.80000000000001 0
1689924812125 45.9 1
1689924957133 29.599999999999998 2
1689925102837 22.2 3
1689925247667 19.32 4
1689925393286 15.233333333333334 5
1689925538195 13.742857142857144 6
1689925684654 11.600000000000001 7
1689925832169 10.622222222222222 8
1689925980056 9.18 9
1689926128857 8.563636363636363 10
1689926278051 7.933333333333333 11
1689926426605 7.0307692307692315 12
1689926576636 6.871428571428572 13
1689926728654 6.2266666666666675 14
1689926883994 5.6125 15
1689927035042 5.541176470588234 16
1689927187412 5.055555555555555 17
1689927340572 4.915789473684211 18
1689927493732 4.7299999999999995 19
