1681065178131 82.6 0
1681066001956 61.1 0
1681066824721 52.800000000000004 0
1681067648142 47.0 0
1681068467009 51.32000000000001 0
1681069285031 47.1 0
1681070102422 45.17142857142857 0
1681070917072 43.150000000000006 0
1681071726619 39.75555555555556 0
1681072532259 39.86 0
1681073334595 39.61818181818182 0
1681074134731 37.03333333333333 0
1681074934562 37.84615384615384 0
1681075729912 36.25714285714285 0
1681076522542 32.266666666666666 0
1681077311431 32.5 0
1681078110520 29.764705882352942 0
1681078929510 29.900000000000002 0
1681079707552 28.789473684210527 0
1681079963854 28.49 0
