1681065178136 82.6 0
1681066001973 85.6 0
1681066824738 86.26666666666665 0
1681067648158 83.65 0
1681068467025 86.11999999999999 0
1681069285048 85.73333333333333 0
1681070102439 86.34285714285716 0
1681070917078 86.55 0
1681071726636 86.31111111111112 0
1681072532277 86.50000000000001 0
1681073334613 87.2909090909091 0
1681074134748 87.98333333333333 0
1681074934579 87.30769230769229 0
1681075729930 86.98571428571427 0
1681076522559 86.90666666666668 0
1681077311448 86.25 0
1681078110538 86.94117647058823 0
1681078929528 86.7111111111111 0
1681079707570 86.94736842105263 0
1681079963872 87.43 0
