1708743561267 55.400000000000006 0
1708744516614 67.4 1
1708745533569 63.800000000000004 2
1708746552106 63.800000000000004 3
1708747571196 58.199999999999996 4
1708748590899 54.800000000000004 5
1708749611566 51.800000000000004 6
1708750634846 54.2 7
1708751660157 50.2 8
1708752686379 53.0 9
1708753713785 49.4 10
1708754743355 51.800000000000004 11
1708755784080 47.199999999999996 12
1708756824913 50.0 13
1708757877306 49.2 14
1708758924253 44.800000000000004 15
1708759968324 45.0 16
1708761009966 45.2 17
1708762048116 50.0 18
1708763086660 50.4 19
