1708743561253 55.400000000000006 0
1708744516589 67.4 1
1708745533531 60.8 2
1708746552054 47.8 3
1708747571132 36.6 4
1708748590816 25.4 5
1708749611473 18.6 6
1708750634737 13.200000000000001 7
1708751660032 9.6 8
1708752686239 9.4 9
1708753713622 6.6000000000000005 10
1708754743183 3.8 11
1708755783874 4.2 12
1708756824691 5.800000000000001 13
1708757877074 3.5999999999999996 14
1708758924004 1.4000000000000001 15
1708759968055 2.0 16
1708761009664 1.6 17
1708762047799 0.8 18
1708763086318 1.6 19
