1708743561240 55.400000000000006 0
1708744516576 65.1 1
1708745533519 66.8 2
1708746552042 67.7 3
1708747571119 61.84000000000001 4
1708748590803 61.93333333333333 5
1708749611460 58.54285714285714 6
1708750634723 59.475 7
1708751660018 60.17777777777778 8
1708752686225 59.96 9
1708753713607 59.72727272727273 10
1708754743169 58.01666666666667 11
1708755783860 57.8923076923077 12
1708756824676 59.3 13
1708757877058 59.773333333333326 14
1708758923988 58.5375 15
1708759968040 57.74117647058823 16
1708761009647 58.400000000000006 17
1708762047782 57.8421052631579 18
1708763086301 56.35000000000001 19
