1708743561227 55.400000000000006 0
1708744516563 34.400000000000006 1
1708745533506 30.400000000000002 2
1708746552029 30.200000000000003 3
1708747571106 25.479999999999997 4
1708748590788 24.099999999999998 5
1708749611446 20.314285714285713 6
1708750634709 18.400000000000002 7
1708751660004 18.355555555555554 8
1708752686211 15.959999999999999 9
1708753713592 14.890909090909092 10
1708754743154 12.666666666666666 11
1708755783845 12.86153846153846 12
1708756824660 12.799999999999999 13
1708757877041 12.333333333333334 14
1708758923972 9.875 15
1708759968023 8.988235294117645 16
1708761009631 8.333333333333334 17
1708762047764 7.76842105263158 18
1708763086283 6.85 19
