1690005741485 90.0 0
1690006051999 56.39999999999999 1
1690006372914 41.8 2
1690006683866 30.8 3
1690007003343 32.0 4
1690007320203 28.999999999999996 5
1690007636450 21.2 6
1690007951132 18.6 7
1690008263555 15.8 8
1690008576935 10.6 9
1690008891415 13.600000000000001 10
1690009205727 9.8 11
1690009521922 10.2 12
1690009837443 11.799999999999999 13
1690010157395 8.799999999999999 14
1690010475584 6.6000000000000005 15
1690010793441 7.199999999999999 16
1690011112538 5.800000000000001 17
1690011434439 7.000000000000001 18
