1690006372934 92.4 0
1690006683886 39.800000000000004 1
1690007003364 42.199999999999996 2
1690007320223 28.4 3
1690007636471 28.199999999999996 4
1690007951153 24.2 5
1690008263577 20.200000000000003 6
1690008576957 23.599999999999998 7
1690008891437 20.200000000000003 8
1690009205749 11.799999999999999 9
1690009521945 11.799999999999999 10
1690009837466 7.199999999999999 11
1690010157418 9.8 12
1690010475608 5.800000000000001 13
1690010793465 7.3999999999999995 14
1690011112562 7.8 15
1690011434464 2.8000000000000003 16
