1690005431698 87.0 0
1690005741456 69.4 1
1690006051964 62.199999999999996 2
1690006372879 51.75 3
1690006683831 44.88 4
1690007003305 43.166666666666664 5
1690007320171 39.314285714285724 6
1690007636416 37.925 7
1690007951096 33.77777777777778 8
1690008263519 32.02 9
1690008576900 29.14545454545454 10
1690008891382 26.833333333333332 11
1690009205692 25.72307692307692 12
1690009521888 21.785714285714285 13
1690009837407 24.719999999999995 14
1690010157357 23.525 15
1690010475546 20.188235294117646 16
1690010793399 19.666666666666664 17
1690011112500 18.526315789473685 18
1690011434402 17.04 19
