1690005431718 87.0 0
1690005741465 87.19999999999999 1
1690006051978 86.60000000000001 2
1690006372893 85.6 3
1690006683845 84.88 4
1690007003321 83.3 5
1690007320182 83.17142857142856 6
1690007636429 84.275 7
1690007951111 83.26666666666667 8
1690008263534 82.96000000000001 9
1690008576914 82.58181818181819 10
1690008891393 80.68333333333334 11
1690009205705 81.3076923076923 12
1690009521900 80.45714285714287 13
1690009837420 80.06666666666666 14
1690010157371 80.4125 15
1690010475561 80.01176470588234 16
1690010793413 78.98888888888888 17
1690011112513 78.67368421052633 18
1690011434414 79.34 19
