1708677680216 76.6 0
1708679497107 54.7 1
1708681310584 44.93333333333334 2
1708683126800 34.599999999999994 3
1708684938544 28.52 4
1708686755041 22.400000000000002 5
1708688577055 20.428571428571427 6
1708690399249 17.275 7
1708692223708 15.466666666666665 8
1708694050968 13.559999999999999 9
1708695881016 12.963636363636367 10
1708697702185 11.216666666666667 11
1708699525617 10.86153846153846 12
1708701351894 8.700000000000001 13
1708703178014 8.693333333333333 14
1708705004344 8.25 15
1708706836460 8.51764705882353 16
1708708663156 7.355555555555556 17
1708710488819 6.663157894736842 18
1708712306368 6.14 19
