1708677680229 76.6 0
1708679497121 76.39999999999999 1
1708681310598 74.66666666666667 2
1708683126813 71.05000000000001 3
1708684938559 70.76 4
1708686755055 69.73333333333333 5
1708688577069 66.88571428571429 6
1708690399264 65.075 7
1708692223725 61.53333333333334 8
1708694050983 64.08000000000001 9
1708695881032 61.527272727272724 10
1708697702203 60.85 11
1708699525633 61.43076923076923 12
1708701351910 59.12857142857143 13
1708703178030 58.49333333333333 14
1708705004361 58.2625 15
1708706836477 58.94117647058823 16
1708708663174 56.5 17
1708710488836 55.747368421052634 18
1708712306386 55.629999999999995 19
