1682900206328 81.2 0
1682900511364 74.4 1
1682900816965 65.93333333333334 2
1682901123497 66.55 3
1682901430630 63.04 4
1682901737901 64.03333333333333 5
1682902045421 65.17142857142858 6
1682902353946 64.6 7
1682902663087 62.333333333333336 8
1682902972992 62.519999999999996 9
1682903283702 60.199999999999996 10
1682903594939 55.33333333333334 11
1682903905107 57.676923076923075 12
1682904217402 57.65714285714286 13
1682904530508 55.06666666666667 14
1682904844221 55.925000000000004 15
1682905158469 54.25882352941176 16
1682905473367 56.75555555555556 17
1682905789387 54.873684210526314 18
1682906106139 55.27 19
