1682900206315 81.2 0
1682900511350 44.0 1
1682900816952 29.73333333333333 2
1682901123483 22.25 3
1682901430616 18.720000000000002 4
1682901737886 15.733333333333334 5
1682902045406 13.657142857142857 6
1682902353933 12.0 7
1682902663073 10.88888888888889 8
1682902972978 9.2 9
1682903283685 8.709090909090909 10
1682903594925 7.633333333333334 11
1682903905094 7.230769230769231 12
1682904217388 6.714285714285714 13
1682904530494 5.959999999999999 14
1682904844207 5.6875 15
1682905158455 4.96470588235294 16
1682905473352 5.222222222222222 17
1682905789373 4.821052631578948 18
1682906106125 4.77 19
