1708597815357 82.6 0
1708598727623 59.9 1
1708599638206 47.93333333333334 2
1708600547885 35.4 3
1708601456532 28.4 4
1708602375444 23.46666666666667 5
1708603305239 21.514285714285712 6
1708604235968 18.7 7
1708605168404 16.200000000000003 8
1708606102177 14.8 9
1708607037709 14.163636363636364 10
1708607977118 10.2 11
1708608913355 10.76923076923077 12
1708609851286 10.257142857142856 13
1708610788803 9.626666666666667 14
1708611727877 9.5875 15
1708612669457 7.894117647058823 16
1708613614572 9.433333333333334 17
1708614559105 7.652631578947369 18
1708615504607 6.74 19
