1708597815369 82.6 0
1708598727635 79.1 1
1708599638219 74.06666666666668 2
1708600547898 73.55000000000001 3
1708601456545 71.08 4
1708602375457 67.89999999999999 5
1708603305253 66.68571428571428 6
1708604235983 65.1 7
1708605168419 64.55555555555556 8
1708606102191 64.64 9
1708607037723 62.74545454545454 10
1708607977135 58.25 11
1708608913371 58.55384615384614 12
1708609851301 59.68571428571429 13
1708610788819 59.26666666666667 14
1708611727893 59.525 15
1708612669474 58.72941176470588 16
1708613614590 57.166666666666664 17
1708614559123 57.54736842105264 18
1708615504625 56.48 19
