1681763900045 0.2 0
1681763957166 0.1 0
1681764014800 0.20000000000000004 0
1681764073121 0.15000000000000002 0
1681764132300 0.16 0
1681764191719 0.13333333333333333 0
1681764252069 0.1142857142857143 0
1681764311998 0.17500000000000002 0
1681764376494 0.15555555555555556 0
1681764437982 0.14 0
1681764500257 0.1272727272727273 0
1681764562939 0.31666666666666665 0
1681764625941 0.3230769230769231 0
1681764689947 0.3 0
1681764754880 0.28 0
1681764820493 0.2625 0
1681764885768 0.9647058823529411 0
1681764951942 0.911111111111111 0
1681765018846 0.863157894736842 0
1681765243873 10.12 0
