1681763900057 20.0 0
1681763957178 20.0 0
1681764014811 20.0 0
1681764073134 19.95 0
1681764132312 20.119999999999997 0
1681764191731 20.099999999999998 0
1681764252081 20.599999999999998 0
1681764312009 20.025 0
1681764376505 20.15555555555555 0
1681764437993 20.139999999999997 0
1681764500268 20.10909090909091 0
1681764562951 20.099999999999998 0
1681764625952 19.569230769230767 0
1681764689958 19.599999999999998 0
1681764754892 19.613333333333333 0
1681764820505 19.225 0
1681764885781 19.27058823529412 0
1681764951954 19.311111111111114 0
1681765018859 19.494736842105265 0
1681765243885 45.970000000000006 0
