1689900543548 86.2 0
1689900687933 57.199999999999996 1
1689900832331 47.8 2
1689900977266 46.800000000000004 3
1689901123373 39.2 4
1689901276533 32.2 5
1689901424827 28.999999999999996 6
1689901570984 27.800000000000004 7
1689901718990 26.400000000000002 8
1689901867078 22.8 9
1689902013934 23.599999999999998 10
1689902162486 24.6 11
1689902311413 25.2 12
1689902462355 27.800000000000004 13
1689902612595 23.599999999999998 14
1689902762456 20.599999999999998 15
1689902912654 16.6 16
1689903064998 13.0 17
1689903217686 22.8 18
1689903371797 22.6 19
