1689900543530 86.2 0
1689900687889 74.2 1
1689900832294 58.20000000000001 2
1689900977205 61.050000000000004 3
1689901123316 58.160000000000004 4
1689901276466 48.166666666666664 5
1689901424749 51.94285714285714 6
1689901570897 48.8 7
1689901718872 48.08888888888888 8
1689901866951 38.519999999999996 9
1689902013793 42.872727272727275 10
1689902162346 41.5 11
1689902311267 42.353846153846156 12
1689902462197 39.91428571428571 13
1689902612423 37.69333333333332 14
1689902762271 35.8375 15
1689902912455 36.11764705882353 16
1689903064784 34.422222222222224 17
1689903217459 37.294736842105266 18
1689903371557 36.03 19
