1689900543517 86.2 0
1689900687876 45.6 1
1689900832281 29.733333333333334 2
1689900977193 23.75 3
1689901123304 18.6 4
1689901276453 14.466666666666667 5
1689901424736 13.542857142857143 6
1689901570884 11.799999999999999 7
1689901718859 10.266666666666667 8
1689901866938 9.419999999999998 9
1689902013779 8.036363636363637 10
1689902162319 7.5 11
1689902311253 6.892307692307693 12
1689902462183 6.457142857142857 13
1689902612412 6.386666666666667 14
1689902762258 5.65 15
1689902912443 5.470588235294118 16
1689903064770 5.277777777777778 17
1689903217447 4.894736842105263 18
1689903371542 4.66 19
