1682618359334 82.19999999999999 0
1682618603907 51.800000000000004 0
1682618848563 37.6 0
1682619094486 31.4 0
1682619340878 40.6 0
1682619588056 17.8 0
1682619835490 24.6 0
1682620083824 11.200000000000001 0
1682620332714 21.2 0
1682620582822 16.0 0
1682620833485 25.0 0
1682621084973 31.6 0
1682621336424 22.0 0
1682621588521 12.8 0
1682621840548 27.800000000000004 0
1682622093209 13.4 0
1682622347304 12.0 0
1682622601894 7.000000000000001 0
1682622857003 19.2 0
1682623112876 11.600000000000001 0
