1682618359316 82.19999999999999 0
1682618603881 70.8 0
1682618848530 55.13333333333333 0
1682619094443 54.15 0
1682619340826 51.760000000000005 0
1682619587994 40.300000000000004 0
1682619835419 41.94285714285714 0
1682620083743 38.275000000000006 0
1682620332623 37.28888888888889 0
1682620582721 35.059999999999995 0
1682620833374 35.2 0
1682621084850 38.25 0
1682621336288 37.230769230769226 0
1682621588374 35.75714285714286 0
1682621840386 37.14666666666666 0
1682622093036 35.8125 0
1682622347119 29.458823529411767 0
1682622601695 33.888888888888886 0
1682622856792 30.884210526315794 0
1682623112649 30.53 0
