1682618359302 82.19999999999999 0
1682618603868 44.9 0
1682618848517 27.866666666666664 0
1682619094430 22.85 0
1682619340812 16.96 0
1682619587980 14.033333333333333 0
1682619835406 13.057142857142859 0
1682620083730 11.325000000000001 0
1682620332609 10.2 0
1682620582707 9.120000000000001 0
1682620833361 7.6909090909090905 0
1682621084836 7.266666666666667 0
1682621336275 6.630769230769231 0
1682621588361 6.371428571428572 0
1682621840373 6.386666666666667 0
1682622093022 5.5 0
1682622347106 5.247058823529412 0
1682622601681 5.144444444444445 0
1682622856778 4.589473684210526 0
1682623112636 4.6 0
