1682965676251 91.0 0
1682965793542 90.0 1
1682965923093 91.0 2
1682966053143 85.39999999999999 3
1682966184121 75.6 4
1682966315851 64.60000000000001 5
1682966447707 60.0 6
1682966580097 53.400000000000006 7
1682966712317 48.199999999999996 8
1682966845932 44.800000000000004 9
1682966980682 43.0 10
1682967117126 38.6 11
1682967251168 33.6 12
1682967381203 34.8 13
1682967512537 34.599999999999994 14
1682967642805 31.6 15
1682967775167 31.2 16
1682967906741 28.599999999999998 17
1682968036470 27.400000000000002 18
1682968166650 21.6 19
