1682965676239 91.0 0
1682965793531 47.6 1
1682965923071 49.53333333333333 2
1682966053120 57.9 3
1682966184099 55.79999999999999 4
1682966315840 54.43333333333333 5
1682966447684 55.65714285714286 6
1682966580073 54.474999999999994 7
1682966712293 52.222222222222214 8
1682966845908 50.22 9
1682966980658 47.8909090909091 10
1682967117097 45.699999999999996 11
1682967251143 43.76923076923077 12
1682967381177 41.228571428571435 13
1682967512513 40.81333333333334 14
1682967642780 39.525000000000006 15
1682967775141 37.68235294117647 16
1682967906725 35.05555555555555 17
1682968036435 32.98947368421053 18
1682968166624 31.9 19
