1682965676245 91.0 0
1682965793536 83.6 1
1682965923088 86.86666666666667 2
1682966053137 87.95 3
1682966184116 86.84 4
1682966315845 87.33333333333333 5
1682966447701 87.94285714285714 6
1682966580090 87.5 7
1682966712310 87.6 8
1682966845925 87.24 9
1682966980675 86.2 10
1682967117116 84.86666666666666 11
1682967251161 84.09230769230768 12
1682967381195 84.19999999999997 13
1682967512530 84.50666666666667 14
1682967642798 84.0 15
1682967775159 82.81176470588235 16
1682967906733 82.25555555555555 17
1682968036457 81.14736842105265 18
1682968166642 80.5 19
