1689992926563 89.8 0
1689993244242 54.400000000000006 1
1689993559906 41.0 2
1689993876167 29.4 3
1689994194268 29.4 4
1689994510959 29.2 5
1689994829908 18.4 6
1689995147219 15.0 7
1689995463006 13.600000000000001 8
1689995783047 10.4 9
1689996101729 11.799999999999999 10
1689996421436 7.8 11
1689996744106 6.800000000000001 12
1689997069713 7.6 13
1689997393192 7.199999999999999 14
1689997719816 3.5999999999999996 15
1689998041242 4.3999999999999995 16
1689998366218 5.2 17
1689998689492 4.2 18
