1689992614222 87.4 0
1689992926534 69.8 1
1689993244194 60.666666666666664 2
1689993559858 52.5 3
1689993876136 44.8 4
1689994194236 41.9 5
1689994510927 37.8 6
1689994829875 35.925 7
1689995147184 31.000000000000007 8
1689995462974 30.839999999999996 9
1689995783011 27.727272727272727 10
1689996101677 24.683333333333337 11
1689996421401 24.338461538461537 12
1689996744072 20.642857142857142 13
1689997069666 22.466666666666665 14
1689997393150 21.4 15
1689997719778 19.2 16
1689998041206 17.822222222222223 17
1689998366180 17.526315789473685 18
1689998689436 16.29 19
