1689858873245 91.0 0
1689859015346 45.4 1
1689859157461 30.599999999999998 2
1689859300653 35.199999999999996 3
1689859444996 33.4 4
1689859590181 35.0 5
1689859734979 28.4 6
1689859880625 27.6 7
1689860024553 30.4 8
1689860170703 16.2 9
1689860318737 23.200000000000003 10
1689860464637 22.400000000000002 11
1689860612989 23.200000000000003 12
1689860761394 24.0 13
1689860910639 41.199999999999996 14
1689861060054 27.400000000000002 15
1689861216636 31.2 16
1689861370540 21.6 17
1689861520295 21.6 18
