1689858730893 84.0 0
1689858873236 56.599999999999994 1
1689859015337 43.0 2
1689859157452 42.4 3
1689859300644 45.2 4
1689859444986 33.4 5
1689859590172 39.2 6
1689859734970 27.200000000000003 7
1689859880616 31.6 8
1689860024543 40.400000000000006 9
1689860170693 32.0 10
1689860318727 35.6 11
1689860464627 36.199999999999996 12
1689860612978 41.0 13
1689860761384 25.2 14
1689860910628 34.4 15
1689861060043 38.0 16
1689861216625 34.599999999999994 17
1689861370528 21.0 18
1689861520284 27.800000000000004 19
