1689858730875 84.0 0
1689858873209 73.8 1
1689859015301 59.6 2
1689859157406 54.25 3
1689859300569 58.4 4
1689859444903 47.26666666666667 5
1689859590097 55.457142857142856 6
1689859734883 49.025 7
1689859880519 47.733333333333334 8
1689860024436 43.14 9
1689860170573 41.07272727272727 10
1689860318577 41.05000000000001 11
1689860464484 39.01538461538462 12
1689860612823 38.92857142857143 13
1689860761215 37.306666666666665 14
1689860910446 38.0625 15
1689861059829 38.84705882352941 16
1689861216413 40.78888888888889 17
1689861370298 37.33684210526316 18
1689861520044 37.62 19
