1689858730861 84.0 0
1689858873199 45.5 1
1689859015290 30.133333333333336 2
1689859157392 23.35 3
1689859300555 18.44 4
1689859444889 14.766666666666666 5
1689859590085 13.742857142857144 6
1689859734869 11.725 7
1689859880504 10.355555555555556 8
1689860024422 9.459999999999999 9
1689860170560 7.927272727272728 10
1689860318562 7.466666666666668 11
1689860464471 6.892307692307693 12
1689860612812 6.571428571428571 13
1689860761202 6.4399999999999995 14
1689860910433 5.7250000000000005 15
1689861059814 5.470588235294118 16
1689861216400 5.277777777777778 17
1689861370284 4.821052631578948 18
1689861520032 4.67 19
