1708668966055 77.60000000000001 0
1708669699122 80.2 1
1708670423555 77.60000000000001 2
1708671151263 77.60000000000001 3
1708671879325 75.8 4
1708672612434 72.6 5
1708673342353 64.0 6
1708674079662 61.0 7
1708674813909 59.199999999999996 8
1708675549934 53.800000000000004 9
1708676287097 50.6 10
1708677026642 51.2 11
1708677772841 52.400000000000006 12
1708678513770 51.4 13
1708679262704 47.599999999999994 14
1708680008695 47.4 15
1708680762579 46.0 16
1708681515398 48.4 17
1708682271702 43.8 18
