1708668256683 69.6 0
1708668966042 66.8 1
1708669699110 67.0 2
1708670423542 65.0 3
1708671151251 62.8 4
1708671879311 60.6 5
1708672612420 59.599999999999994 6
1708673342339 56.99999999999999 7
1708674079648 58.4 8
1708674813894 61.8 9
1708675549918 62.8 10
1708676287082 64.0 11
1708677026627 60.8 12
1708677772826 59.4 13
1708678513754 61.6 14
1708679262688 60.199999999999996 15
1708680008679 58.599999999999994 16
1708680762562 57.4 17
1708681515381 51.800000000000004 18
1708682271684 54.800000000000004 19
