1708668256657 69.6 0
1708668966005 72.2 1
1708669699058 76.46666666666665 2
1708670423472 74.30000000000001 3
1708671151171 73.6 4
1708671879214 73.76666666666667 5
1708672612308 72.45714285714287 6
1708673342209 67.875 7
1708674079508 68.7111111111111 8
1708674813729 68.22 9
1708675549739 66.14545454545456 10
1708676286886 66.46666666666667 11
1708677026413 66.12307692307692 12
1708677772595 65.39999999999999 13
1708678513503 65.38666666666667 14
1708679262417 64.5375 15
1708680008383 63.705882352941174 16
1708680762245 63.24444444444444 17
1708681515041 62.17894736842104 18
1708682271318 59.72000000000001 19
