1708668256643 69.6 0
1708668965993 50.6 1
1708669699045 43.4 2
1708670423458 37.8 3
1708671151157 26.320000000000004 4
1708671879200 22.566666666666666 5
1708672612293 20.285714285714285 6
1708673342194 14.424999999999999 7
1708674079493 15.02222222222222 8
1708674813713 15.12 9
1708675549724 13.8 10
1708676286872 12.516666666666666 11
1708677026397 11.923076923076923 12
1708677772579 12.642857142857142 13
1708678513487 12.306666666666667 14
1708679262401 10.8625 15
1708680008367 8.035294117647059 16
1708680762227 7.911111111111111 17
1708681515024 7.915789473684211 18
1708682271300 7.280000000000001 19
