1681778783470 87.4 0
1681779008146 87.8 0
1681779234363 85.06666666666666 0
1681779461594 84.05000000000001 0
1681779687474 84.08000000000001 0
1681779915875 84.73333333333333 0
1681780144124 84.28571428571429 0
1681780372253 85.525 0
1681780600381 84.5111111111111 0
1681780830408 85.4 0
1681781061805 84.16363636363634 0
1681781291999 83.75 0
1681781525190 83.33846153846154 0
1681781757916 83.11428571428574 0
1681781990538 82.73333333333333 0
1681782219928 82.375 0
1681782443257 80.7764705882353 0
1681782669764 81.16666666666667 0
1681782896365 80.73684210526316 0
1681783125398 80.91 0
