1681778783459 87.4 0
1681779008135 80.8 0
1681779234352 70.06666666666666 0
1681779461582 61.2 0
1681779687462 58.92 0
1681779915864 57.333333333333336 0
1681780144113 52.74285714285715 0
1681780372242 51.125 0
1681780600369 47.955555555555556 0
1681780830397 47.300000000000004 0
1681781061795 45.290909090909096 0
1681781291988 42.21666666666667 0
1681781525178 41.89230769230768 0
1681781757905 40.285714285714285 0
1681781990527 38.05333333333333 0
1681782219916 36.8875 0
1681782443246 34.67058823529412 0
1681782669752 33.611111111111114 0
1681782896353 32.515789473684215 0
1681783125386 30.610000000000003 0
