1708777839182 82.0 0
1708779610278 82.0 1
1708781442174 80.60000000000001 2
1708783272210 72.6 3
1708785100931 60.4 4
1708786929700 50.0 5
1708788759775 41.6 6
1708790589168 33.800000000000004 7
1708792421870 27.400000000000002 8
1708794250569 23.400000000000002 9
1708796082183 22.8 10
1708797919261 22.0 11
1708799753493 20.4 12
1708801588451 16.6 13
1708803422587 11.600000000000001 14
1708805263062 11.4 15
1708807112994 11.4 16
1708808959304 11.0 17
1708810798550 11.600000000000001 18
1708812637281 10.2 19
