1708777839194 82.0 0
1708779610303 82.0 1
1708781442212 81.39999999999999 2
1708783272261 80.2 3
1708785100995 79.60000000000001 4
1708786929777 77.4 5
1708788759868 73.0 6
1708790589275 72.0 7
1708792421993 72.0 8
1708794250709 67.0 9
1708796082340 65.4 10
1708797919433 65.8 11
1708799753685 65.4 12
1708801588658 64.2 13
1708803422820 57.599999999999994 14
1708805263314 55.400000000000006 15
1708807113266 54.2 16
1708808959593 54.800000000000004 17
1708810798861 53.800000000000004 18
1708812637648 53.0 19
