1708777839157 82.0 0
1708779610253 41.1 1
1708781442149 38.666666666666664 2
1708783272184 41.400000000000006 3
1708785100905 40.64 4
1708786929674 39.333333333333336 5
1708788759748 37.685714285714276 6
1708790589141 36.075 7
1708792421843 34.15555555555555 8
1708794250541 31.920000000000005 9
1708796082154 30.41818181818182 10
1708797919232 29.76666666666667 11
1708799753463 28.369230769230775 12
1708801588420 26.928571428571427 13
1708803422556 25.906666666666663 14
1708805263030 24.75 15
1708807112961 23.04705882352941 16
1708808959272 22.01111111111111 17
1708810798517 21.30526315789474 18
1708812637244 19.340000000000003 19
