1708777839169 82.0 0
1708779610265 77.19999999999999 1
1708781442161 77.66666666666667 2
1708783272197 77.95000000000002 3
1708785100918 74.4 4
1708786929687 74.06666666666666 5
1708788759762 71.45714285714287 6
1708790589155 71.425 7
1708792421857 71.73333333333332 8
1708794250555 69.6 9
1708796082168 67.8 10
1708797919246 67.86666666666667 11
1708799753478 67.64615384615385 12
1708801588436 67.47142857142858 13
1708803422571 66.90666666666667 14
1708805263046 66.275 15
1708807112978 65.45882352941176 16
1708808959288 65.19999999999999 17
1708810798533 64.69473684210527 18
1708812637263 63.94 19
