1682913377459 85.2 0
1682913509583 84.3 1
1682913652236 84.46666666666668 2
1682913794885 85.15 3
1682913937780 87.48 4
1682914080736 88.63333333333333 5
1682914224096 89.8 6
1682914368079 89.675 7
1682914512383 89.77777777777777 8
1682914657705 89.9 9
1682914802525 89.76363636363637 10
1682914947791 89.43333333333332 11
1682915094492 89.64615384615385 12
1682915241359 89.95714285714287 13
1682915388560 89.58666666666667 14
1682915536877 89.15 15
1682915685054 87.72941176470587 16
1682915833233 88.30000000000001 17
1682915982671 87.82105263157895 18
1682916132193 88.13000000000001 19
