1682913377442 85.2 0
1682913509578 43.0 1
1682913652219 50.13333333333333 2
1682913794868 51.4 3
1682913937763 54.28000000000001 4
1682914080729 56.666666666666664 5
1682914224079 57.48571428571428 6
1682914368073 56.650000000000006 7
1682914512366 56.04444444444445 8
1682914657687 55.379999999999995 9
1682914802507 53.65454545454545 10
1682914947774 54.43333333333333 11
1682915094474 53.50769230769231 12
1682915241341 53.08571428571429 13
1682915388542 53.066666666666656 14
1682915536869 51.7125 15
1682915685036 49.94117647058823 16
1682915833215 49.111111111111114 17
1682915982653 48.084210526315786 18
1682916132175 46.67 19
