1679359647933 86.6 0
1679359802655 76.4 0
1679359960089 79.60000000000001 0
1679360120273 70.0 0
1679360276680 71.39999999999999 0
1679360437425 72.39999999999999 0
1679360597875 72.0 0
1679360758717 70.19999999999999 0
1679360917997 70.8 0
1679361079720 72.2 0
1679361242721 67.60000000000001 0
1679361404793 70.19999999999999 0
1679361566859 69.19999999999999 0
1679361731045 64.2 0
1679361893212 64.60000000000001 0
1679362057714 65.2 0
1679362221098 65.2 0
1679362388004 65.60000000000001 0
1679362552020 65.0 0
1679362719291 64.2 0
