1679359647909 86.6 0
1679359802627 69.2 0
1679359960055 66.06666666666666 0
1679360120236 58.699999999999996 0
1679360276649 53.67999999999999 0
1679360437390 50.13333333333333 0
1679360597822 48.91428571428571 0
1679360758657 42.3 0
1679360917931 42.044444444444444 0
1679361079648 39.300000000000004 0
1679361242628 39.36363636363636 0
1679361404707 37.85 0
1679361566778 38.55384615384615 0
1679361730957 34.61428571428571 0
1679361893111 34.50666666666667 0
1679362057604 33.175 0
1679362220967 31.647058823529413 0
1679362387868 30.17777777777778 0
1679362551871 27.05263157894737 0
1679362719130 26.059999999999995 0
