1681380640395 84.8 0
1681380727563 55.60000000000001 0
1681380822978 46.400000000000006 0
1681380916275 36.6 0
1681381009490 43.6 0
1681381101768 36.0 0
1681381195253 25.2 0
1681381290432 32.4 0
1681381385337 38.4 0
1681381480554 35.199999999999996 0
1681381576370 32.4 0
1681381673212 28.799999999999997 0
1681381769081 28.000000000000004 0
1681381868017 29.599999999999998 0
1681381966810 29.4 0
1681382063318 26.0 0
1681382160121 25.4 0
1681382258087 23.599999999999998 0
1681382355195 25.6 0
1681382453564 25.2 0
