1681380640382 84.8 0
1681380727533 27.800000000000004 0
1681380822953 26.866666666666664 0
1681380916235 21.099999999999998 0
1681381009446 17.639999999999997 0
1681381101718 13.733333333333333 0
1681381195208 12.257142857142856 0
1681381290379 11.05 0
1681381385266 9.333333333333334 0
1681381480476 8.98 0
1681381576297 8.0 0
1681381673119 7.2 0
1681381768992 7.584615384615384 0
1681381867920 6.042857142857143 0
1681381966692 5.8933333333333335 0
1681382063189 5.4875 0
1681382159985 5.423529411764706 0
1681382257941 4.833333333333333 0
1681382355038 5.221052631578948 0
1681382453399 5.7 0
