1681380640386 84.8 0
1681380727550 58.900000000000006 0
1681380822958 58.0 0
1681380916251 54.5 0
1681381009463 53.879999999999995 0
1681381101735 53.800000000000004 0
1681381195213 50.971428571428575 0
1681381290385 54.225 0
1681381385283 54.75555555555556 0
1681381480493 55.96 0
1681381576303 54.98181818181817 0
1681381673137 54.349999999999994 0
1681381768998 52.26153846153846 0
1681381867926 51.08571428571428 0
1681381966709 51.8 0
1681382063208 48.575 0
1681382160003 50.4 0
1681382257959 51.17777777777778 0
1681382355055 50.95789473684211 0
1681382453417 55.160000000000004 0
