1682638480666 76.6 0
1682638726262 66.9 0
1682638971978 47.73333333333334 0
1682639217995 44.35 0
1682639464636 42.64 0
1682639712214 41.333333333333336 0
1682639960306 41.94285714285714 0
1682640209418 37.05 0
1682640459104 37.599999999999994 0
1682640709240 32.0 0
1682640960029 30.6 0
1682641211340 33.25 0
1682641463908 32.06153846153846 0
1682641717131 30.414285714285718 0
1682641970682 33.18666666666666 0
1682642224478 29.449999999999996 0
1682642478909 31.917647058823523 0
1682642734689 34.08888888888889 0
1682642990056 29.94736842105263 0
1682643246668 33.3 0
