1682638480653 76.6 0
1682638726249 41.9 0
1682638971965 26.46666666666667 0
1682639217982 22.35 0
1682639464625 17.0 0
1682639712200 13.4 0
1682639960293 13.057142857142859 0
1682640209404 11.225 0
1682640459082 9.644444444444444 0
1682640709226 9.14 0
1682640960014 7.4363636363636365 0
1682641211326 7.1499999999999995 0
1682641463895 6.523076923076923 0
1682641717118 6.185714285714285 0
1682641970668 6.2266666666666675 0
1682642224465 5.225 0
1682642478894 5.164705882352941 0
1682642734676 5.044444444444444 0
1682642990042 4.368421052631579 0
1682643246655 4.54 0
