1689915473499 20.200000000000003 0
1689915478131 20.200000000000003 1
1689915483370 20.200000000000003 2
1689915489254 20.200000000000003 3
1689915495757 20.200000000000003 4
1689915502894 20.200000000000003 5
1689915510818 20.200000000000003 6
1689915519374 20.200000000000003 7
1689915528508 20.200000000000003 8
1689915538319 20.200000000000003 9
1689915548943 20.200000000000003 10
1689915560484 20.200000000000003 11
1689915572436 20.200000000000003 12
1689915585258 20.200000000000003 13
1689915598863 20.200000000000003 14
1689915613289 20.200000000000003 15
1689915627950 20.200000000000003 16
1689918280701 96.39999999999999 17
