1689915465918 18.4 0
1689915469409 19.6 1
1689915473443 19.8 2
1689915478065 19.85 3
1689915483292 19.880000000000003 4
1689915489166 19.900000000000002 5
1689915495659 19.82857142857143 6
1689915502784 19.85 7
1689915510697 19.866666666666667 8
1689915519241 19.880000000000003 9
1689915528363 19.89090909090909 10
1689915538162 20.0 11
1689915548773 20.0 12
1689915560301 20.0 13
1689915572240 20.013333333333332 14
1689915585047 20.1625 15
1689915598639 20.14117647058824 16
1689915613025 20.1 17
1689915627695 20.210526315789473 18
1689918280429 95.02999999999999 19
