1689915465904 0.0 0
1689915469395 0.0 1
1689915473430 0.0 2
1689915478051 0.0 3
1689915483279 0.0 4
1689915489152 0.03333333333333333 5
1689915495648 0.028571428571428574 6
1689915502771 1.15 7
1689915510684 2.2222222222222223 8
1689915519228 2.0 9
1689915528349 1.8181818181818181 10
1689915538148 1.6666666666666667 11
1689915548761 1.646153846153846 12
1689915560287 1.5285714285714285 13
1689915572227 1.4266666666666665 14
1689915585032 1.3375 15
1689915598625 1.2588235294117647 16
1689915613008 1.1888888888888889 17
1689915627680 1.1263157894736842 18
1689918280414 70.54 19
