1681497907466 85.6 0
1681498140697 76.6 0
1681498401164 69.8 0
1681498661998 57.599999999999994 0
1681498922917 56.2 0
1681499186369 44.4 0
1681499448446 41.6 0
1681499712604 34.0 0
1681499976045 30.599999999999998 0
1681500236773 28.199999999999996 0
1681500501992 31.4 0
1681500769126 26.400000000000002 0
1681501035088 27.200000000000003 0
1681501300899 28.000000000000004 0
1681501571627 24.8 0
1681501850391 21.0 0
1681502129920 20.0 0
1681502410092 19.400000000000002 0
1681502693033 21.4 0
1681502974111 19.8 0
