1681497907462 85.6 0
1681498140692 82.19999999999999 0
1681498401159 81.86666666666667 0
1681498661994 80.4 0
1681498922912 82.16 0
1681499186364 80.66666666666667 0
1681499448441 80.85714285714286 0
1681499712599 80.9 0
1681499976040 79.35555555555555 0
1681500236767 79.88000000000001 0
1681500501986 79.4 0
1681500769120 80.93333333333334 0
1681501035082 79.63076923076923 0
1681501300893 79.71428571428571 0
1681501571621 79.08 0
1681501850385 77.725 0
1681502129913 78.97647058823529 0
1681502410085 78.15555555555555 0
1681502693025 78.0842105263158 0
1681502974103 77.72 0
