1681497907445 85.6 0
1681498140676 63.8 0
1681498401143 62.333333333333336 0
1681498661977 56.0 0
1681498922895 54.760000000000005 0
1681499186359 51.0 0
1681499448424 47.771428571428565 0
1681499712581 45.35 0
1681499976023 42.84444444444444 0
1681500236750 40.459999999999994 0
1681500501969 39.54545454545455 0
1681500769103 38.2 0
1681501035076 38.58461538461539 0
1681501300875 37.81428571428571 0
1681501571603 36.559999999999995 0
1681501850367 34.0625 0
1681502129906 33.905882352941184 0
1681502410076 32.44444444444444 0
1681502693006 32.32631578947368 0
1681502974085 30.4 0
