1708723580932 68.2 0
1708724540563 74.6 1
1708725561610 63.4 2
1708726581947 47.8 3
1708727601139 27.6 4
1708728618388 17.599999999999998 5
1708729636006 16.8 6
1708730655647 10.6 7
1708731677717 7.8 8
1708732702578 7.000000000000001 9
1708733725479 1.4000000000000001 10
1708734749819 1.7999999999999998 11
1708735772897 1.7999999999999998 12
1708736797803 1.4000000000000001 13
1708737823911 1.4000000000000001 14
1708738852483 1.0 15
1708739882841 0.8 16
1708740913538 1.0 17
1708741945507 0.8 18
1708742977725 1.2 19
