1708723580907 68.2 0
1708724540538 38.8 1
1708725561584 33.666666666666664 2
1708726581921 36.95 3
1708727601113 28.840000000000003 4
1708728618362 25.63333333333333 5
1708729635979 25.37142857142857 6
1708730655620 18.3 7
1708731677690 14.82222222222222 8
1708732702549 15.060000000000002 9
1708733725451 12.763636363636364 10
1708734749790 13.1 11
1708735772867 13.030769230769229 12
1708736797773 9.857142857142858 13
1708737823880 9.866666666666667 14
1708738852450 8.987500000000002 15
1708739882809 10.341176470588234 16
1708740913504 8.744444444444444 17
1708741945474 6.273684210526315 18
1708742977692 7.1 19
