1708849067016 83.8 0
1708850521026 50.0 1
1708851976214 45.800000000000004 2
1708853430560 27.0 3
1708854883875 22.8 4
1708856336904 1.4000000000000001 5
1708857808052 29.4 6
1708859263905 26.200000000000003 7
1708860720385 15.6 8
1708862178531 20.8 9
1708863636977 9.2 10
1708865094964 10.6 11
1708866552962 15.2 12
1708868012207 15.2 13
1708869473476 10.2 14
1708870936531 11.799999999999999 15
1708872401173 11.200000000000001 16
1708873865007 13.4 17
1708875328774 11.799999999999999 18
1708876795908 11.600000000000001 19
