1708849067029 83.8 0
1708850521057 77.60000000000001 1
1708851976254 56.39999999999999 2
1708853430617 61.199999999999996 3
1708854883945 65.4 4
1708856336987 46.0 5
1708857808166 61.199999999999996 6
1708859264024 60.199999999999996 7
1708860720518 53.6 8
1708862178685 56.8 9
1708863637149 44.800000000000004 10
1708865095148 50.4 11
1708866553166 53.400000000000006 12
1708868012433 56.599999999999994 13
1708869473732 49.6 14
1708870936802 46.400000000000006 15
1708872401469 45.800000000000004 16
1708873865324 45.800000000000004 17
1708875329117 43.4 18
1708876796261 44.800000000000004 19
