1708849067002 83.8 0
1708850521010 79.0 1
1708851976201 60.86666666666667 2
1708853430546 68.85 3
1708854883861 70.4 4
1708856336889 42.233333333333334 5
1708857808035 67.2 6
1708859263890 65.4 7
1708860720370 64.4 8
1708862178516 63.35999999999999 9
1708863636961 52.63636363636363 10
1708865094948 58.11666666666665 11
1708866552947 60.70769230769231 12
1708868012191 61.25714285714286 13
1708869473460 59.90666666666667 14
1708870936514 52.7375 15
1708872401156 57.7764705882353 16
1708873864988 58.166666666666664 17
1708875328756 56.27368421052632 18
1708876795891 55.94 19
