1679356393265 87.6 0
1679356549821 75.9 0
1679356705467 64.0 0
1679356863830 59.35 0
1679357022225 57.4 0
1679357181078 53.9 0
1679357341356 49.82857142857143 0
1679357500235 46.95 0
1679357660679 39.48888888888889 0
1679357820941 41.44 0
1679357981671 38.18181818181818 0
1679358147058 35.81666666666667 0
1679358310080 35.815384615384616 0
1679358468501 33.50000000000001 0
1679358630820 31.040000000000003 0
1679358795054 28.299999999999997 0
1679358960106 29.14117647058824 0
1679359124483 29.299999999999997 0
1679359289658 27.526315789473685 0
1679359455535 26.689999999999998 0
