1689897535124 84.2 0
1689897678210 56.39999999999999 1
1689897822011 44.2 2
1689897966398 47.8 3
1689898112315 50.4 4
1689898258905 36.0 5
1689898411158 33.2 6
1689898560655 28.199999999999996 7
1689898708284 28.599999999999998 8
1689898856212 23.599999999999998 9
1689899004634 30.599999999999998 10
1689899151642 19.8 11
1689899300564 25.4 12
1689899449895 19.8 13
1689899601116 20.200000000000003 14
1689899752074 17.8 15
1689899903908 10.2 16
1689900055240 20.4 17
1689900208168 18.8 18
1689900362455 23.0 19
