1689897535092 84.2 0
1689897678170 45.300000000000004 1
1689897821959 30.133333333333336 2
1689897966336 22.900000000000002 3
1689898112242 18.12 4
1689898258822 14.633333333333333 5
1689898411064 13.685714285714285 6
1689898560552 11.924999999999999 7
1689898708170 10.377777777777778 8
1689898856087 9.379999999999999 9
1689899004497 7.963636363636363 10
1689899151496 7.433333333333334 11
1689899300404 6.815384615384615 12
1689899449719 6.542857142857144 13
1689899600918 6.4399999999999995 14
1689899751875 5.5875 15
1689899903694 5.411764705882353 16
1689900055008 5.144444444444445 17
1689900207914 4.873684210526316 18
1689900362193 4.76 19
