1689897535105 84.2 0
1689897678183 73.5 1
1689897821974 60.6 2
1689897966350 58.3 3
1689898112257 63.36 4
1689898258837 49.666666666666664 5
1689898411079 53.08571428571429 6
1689898560566 43.875 7
1689898708184 46.888888888888886 8
1689898856100 46.480000000000004 9
1689899004510 44.709090909090904 10
1689899151507 42.63333333333333 11
1689899300415 37.75384615384615 12
1689899449733 38.74285714285714 13
1689899600941 35.666666666666664 14
1689899751886 31.9125 15
1689899903706 34.71764705882353 16
1689900055023 38.06666666666668 17
1689900207930 32.50526315789474 18
1689900362210 35.45 19
