1689882542629 87.6 0
1689882684985 45.800000000000004 1
1689882827088 30.266666666666666 2
1689882970347 23.150000000000002 3
1689883113968 18.32 4
1689883258803 15.100000000000001 5
1689883403218 13.599999999999998 6
1689883549375 11.774999999999999 7
1689883695791 10.311111111111112 8
1689883841583 9.32 9
1689883991733 7.927272727272728 10
1689884147023 7.533333333333334 11
1689884294729 7.107692307692308 12
1689884441793 6.642857142857143 13
1689884590462 6.506666666666666 14
1689884740082 5.75 15
1689884889963 5.458823529411766 16
1689885040463 5.277777777777778 17
1689885190947 4.842105263157895 18
1689885342459 4.65 19
