1689882542644 87.6 0
1689882684998 75.0 1
1689882827102 62.6 2
1689882970360 61.5 3
1689883113982 57.720000000000006 4
1689883258814 48.53333333333334 5
1689883403231 52.542857142857144 6
1689883549389 47.875 7
1689883695804 49.422222222222224 8
1689883841594 44.18 9
1689883991750 42.199999999999996 10
1689884147038 43.98333333333333 11
1689884294743 37.707692307692305 12
1689884441805 33.714285714285715 13
1689884590475 35.026666666666664 14
1689884740096 38.9 15
1689884889976 36.94117647058823 16
1689885040476 36.011111111111106 17
1689885190961 34.26315789473684 18
1689885342473 38.82 19
