1708657337661 78.4 0
1708657758295 56.10000000000001 1
1708658179526 43.73333333333333 2
1708658601189 42.349999999999994 3
1708659023773 36.6 4
1708659447460 32.333333333333336 5
1708659872234 27.542857142857144 6
1708660297646 30.875 7
1708660724364 26.666666666666668 8
1708661151930 25.9 9
1708661580182 29.527272727272727 10
1708662009237 22.53333333333333 11
1708662440956 20.215384615384615 12
1708662872808 24.12857142857143 13
1708663303642 22.333333333333332 14
1708663735619 23.0625 15
1708664172314 23.188235294117646 16
1708664610981 22.044444444444444 17
1708665045147 20.368421052631582 18
1708665479680 20.96 19
