1708657337649 78.4 0
1708657758283 40.300000000000004 1
1708658179514 24.066666666666666 2
1708658601176 20.8 3
1708659023761 16.72 4
1708659447448 13.200000000000001 5
1708659872221 10.857142857142858 6
1708660297633 11.025 7
1708660724350 9.333333333333334 8
1708661151916 7.38 9
1708661580168 8.145454545454546 10
1708662009222 4.983333333333333 11
1708662440942 5.1230769230769235 12
1708662872794 5.985714285714286 13
1708663303627 5.28 14
1708663735604 5.3625 15
1708664172299 5.0588235294117645 16
1708664610965 4.366666666666667 17
1708665045130 4.08421052631579 18
1708665479664 3.84 19
