1682881807917 85.39999999999999 0
1682882113446 84.0 1
1682882418532 73.06666666666666 2
1682882725527 73.75 3
1682883032970 70.84 4
1682883340708 69.13333333333334 5
1682883649620 66.8 6
1682883959939 64.2 7
1682884269701 64.26666666666667 8
1682884580251 63.6 9
1682884891512 62.45454545454545 10
1682885203882 61.53333333333334 11
1682885516350 61.676923076923075 12
1682885829309 60.25714285714286 13
1682886143129 59.85333333333334 14
1682886456643 57.462500000000006 15
1682886771452 60.10588235294117 16
1682887087147 59.46666666666667 17
1682887403226 57.50526315789473 18
1682887719514 60.43999999999998 19
