1708675171550 73.0 0
1708676131957 35.400000000000006 1
1708677096648 59.06666666666666 2
1708678063639 27.75 3
1708679036372 47.88 4
1708680003341 43.699999999999996 5
1708680971994 41.0 6
1708681939403 37.3 7
1708682906276 38.02222222222222 8
1708683874459 37.14 9
1708684851876 37.14545454545455 10
1708685821187 33.46666666666667 11
1708686808321 34.0923076923077 12
1708687787574 34.457142857142856 13
1708688764225 22.026666666666664 14
1708689741474 31.887500000000003 15
1708690719888 29.988235294117647 16
1708691700472 27.366666666666664 17
1708692681555 23.821052631578947 18
1708693660275 29.830000000000002 19
