1708675171538 73.0 0
1708676131944 16.900000000000002 1
1708677096636 28.33333333333333 2
1708678063626 10.15 3
1708679036359 16.919999999999998 4
1708680003328 13.266666666666667 5
1708680971980 11.914285714285713 6
1708681939389 10.374999999999998 7
1708682906263 8.88888888888889 8
1708683874445 7.980000000000001 9
1708684851862 7.818181818181818 10
1708685821173 6.716666666666668 11
1708686808306 6.1230769230769235 12
1708687787559 6.328571428571428 13
1708688764211 2.2133333333333334 14
1708689741459 4.6875 15
1708690719872 4.105882352941176 16
1708691700456 4.122222222222223 17
1708692681539 2.1052631578947367 18
1708693660257 4.1899999999999995 19
