1708594611879 83.39999999999999 0
1708594904531 39.3 1
1708595200287 40.4 2
1708595497702 45.55 3
1708595795870 33.96 4
1708596093588 33.233333333333334 5
1708596392851 19.685714285714287 6
1708596692701 28.1 7
1708596993090 25.355555555555558 8
1708597297242 23.62 9
1708597598703 17.872727272727275 10
1708597901631 23.21666666666667 11
1708598202597 22.076923076923077 12
1708598505585 16.514285714285712 13
1708598819081 22.09333333333333 14
1708599126032 22.0 15
1708599431765 19.870588235294118 16
1708599732597 21.61111111111111 17
1708600034092 19.347368421052632 18
1708600335982 21.8 19
