1708594611862 83.39999999999999 0
1708594904514 25.1 1
1708595200270 23.733333333333334 2
1708595497685 21.15 3
1708595795853 14.36 4
1708596093570 13.200000000000001 5
1708596392834 6.742857142857142 6
1708596692684 10.275 7
1708596993072 9.222222222222221 8
1708597297224 8.080000000000002 9
1708597598686 2.8545454545454545 10
1708597901613 6.116666666666667 11
1708598202590 4.984615384615385 12
1708598505565 3.8857142857142857 13
1708598819063 5.786666666666666 14
1708599126013 5.05 15
1708599431747 3.8823529411764706 16
1708599732578 5.033333333333334 17
1708600034073 3.526315789473685 18
1708600335964 3.84 19
