1680682943172 82.0 0
1680683203577 78.5 0
1680683458083 81.6 0
1680683712987 80.9 0
1680683972095 82.4 0
1680684226149 82.76666666666667 0
1680684482187 83.11428571428573 0
1680684741865 83.025 0
1680685003395 82.6 0
1680685262761 83.08 0
1680685532912 83.07272727272728 0
1680685810722 83.63333333333334 0
1680686086661 83.18461538461537 0
1680686362219 82.88571428571429 0
1680686639157 81.58666666666666 0
1680686911470 81.05 0
1680687188633 80.89411764705882 0
1680687464702 80.06666666666666 0
1680687741275 80.01052631578948 0
1680688019245 80.22 0
