1681805018129 92.4 0
1681805336242 67.60000000000001 0
1681805656648 62.4 0
1681805978404 52.800000000000004 0
1681806299761 53.800000000000004 0
1681806620913 50.2 0
1681806944374 50.6 0
1681807267085 46.6 0
1681807592081 39.6 0
1681807916074 33.2 0
1681808239868 45.0 0
1681808564942 35.6 0
1681808889591 33.800000000000004 0
1681809216731 38.800000000000004 0
1681809544504 34.2 0
1681809874193 31.0 0
1681810202285 28.799999999999997 0
1681810531106 30.2 0
1681810861396 28.799999999999997 0
1681811196380 35.199999999999996 0
