1681805018135 92.4 0
1681805336255 85.2 0
1681805656664 86.2 0
1681805978426 84.2 0
1681806299788 86.0 0
1681806620945 85.2 0
1681806944412 82.39999999999999 0
1681807267129 83.6 0
1681807592147 80.60000000000001 0
1681807916132 79.80000000000001 0
1681808239932 78.8 0
1681808565014 79.80000000000001 0
1681808889673 79.80000000000001 0
1681809216818 79.80000000000001 0
1681809544600 78.4 0
1681809874299 76.2 0
1681810202401 78.8 0
1681810531232 81.0 0
1681810861532 80.2 0
1681811196527 78.60000000000001 0
