1681805336249 91.0 0
1681805656654 71.8 0
1681805978410 64.60000000000001 0
1681806299767 62.8 0
1681806620919 60.199999999999996 0
1681806944381 51.800000000000004 0
1681807267091 53.800000000000004 0
1681807592097 47.599999999999994 0
1681807916080 49.6 0
1681808239874 51.0 0
1681808564948 41.199999999999996 0
1681808889599 41.199999999999996 0
1681809216737 44.4 0
1681809544511 39.0 0
1681809874200 25.6 0
1681810202292 30.2 0
1681810531113 36.199999999999996 0
1681810861403 25.4 0
1681811196388 31.4 0
