1681805018111 92.4 0
1681805336215 79.30000000000001 0
1681805656626 73.86666666666666 0
1681805978380 63.95 0
1681806299741 62.160000000000004 0
1681806620894 57.53333333333333 0
1681806944356 49.628571428571426 0
1681807267068 47.2 0
1681807592061 41.24444444444444 0
1681807916054 38.080000000000005 0
1681808239851 42.43636363636364 0
1681808564926 37.400000000000006 0
1681808889570 38.215384615384615 0
1681809216711 37.300000000000004 0
1681809544485 36.50666666666666 0
1681809874173 31.525 0
1681810202266 30.84705882352941 0
1681810531087 32.71111111111111 0
1681810861377 30.63157894736842 0
1681811196360 30.810000000000002 0
