1681805018122 92.4 0
1681805336232 89.9 0
1681805656640 90.93333333333334 0
1681805978395 88.9 0
1681806299753 89.12 0
1681806620906 85.89999999999999 0
1681806944367 86.34285714285714 0
1681807267078 83.75 0
1681807592073 82.06666666666666 0
1681807916066 81.36000000000001 0
1681808239862 81.58181818181819 0
1681808564936 80.76666666666667 0
1681808889581 82.27692307692307 0
1681809216722 81.97142857142858 0
1681809544496 82.10666666666667 0
1681809874185 80.73750000000001 0
1681810202277 81.1764705882353 0
1681810531098 79.9 0
1681810861388 81.23157894736842 0
1681811196372 80.01 0
