1681782475256 84.6 0
1681783512565 81.39999999999999 0
1681784606927 77.0 0
1681785602442 67.4 0
1681786598350 63.2 0
1681787593903 61.6 0
1681788584212 58.599999999999994 0
1681789571374 57.4 0
1681790558012 52.400000000000006 0
1681791542503 50.2 0
1681792530235 51.4 0
1681793524004 52.400000000000006 0
1681794511661 45.6 0
1681795493938 40.400000000000006 0
1681796477375 38.4 0
1681797461570 36.8 0
1681798416943 31.0 0
1681799360525 27.0 0
1681800301569 25.8 0
1681800632908 28.999999999999996 0
