1681782475251 84.6 0
1681783512557 87.4 0
1681784606920 88.53333333333335 0
1681785602435 87.60000000000001 0
1681786598342 88.16 0
1681787593896 89.3 0
1681788584204 89.94285714285714 0
1681789571366 90.125 0
1681790558004 90.86666666666667 0
1681791542496 90.96000000000001 0
1681792530227 90.8 0
1681793523996 90.58333333333333 0
1681794511652 90.46153846153847 0
1681795493930 91.0142857142857 0
1681796477367 90.09333333333332 0
1681797461562 90.30000000000001 0
1681798416935 89.72941176470589 0
1681799360517 89.58888888888889 0
1681800301561 89.57894736842105 0
1681800632900 90.08000000000001 0
