1681782475241 84.6 0
1681783512545 76.1 0
1681784606910 70.60000000000001 0
1681785602423 64.80000000000001 0
1681786598332 63.8 0
1681787593885 62.800000000000004 0
1681788584193 59.42857142857142 0
1681789571355 58.14999999999999 0
1681790557993 56.577777777777776 0
1681791542485 53.85999999999999 0
1681792530215 52.61818181818182 0
1681793523985 50.81666666666667 0
1681794511640 50.03076923076924 0
1681795493918 49.385714285714286 0
1681796477356 47.29333333333334 0
1681797461551 46.925000000000004 0
1681798416923 45.670588235294126 0
1681799360505 42.68888888888889 0
1681800301550 41.33684210526316 0
1681800632889 40.940000000000005 0
