1681385383546 85.8 0
1681385576335 89.2 0
1681385767487 91.2 0
1681385959835 92.80000000000001 0
1681386153148 90.8 0
1681386350316 91.60000000000001 0
1681386550251 91.60000000000001 0
1681386753887 91.60000000000001 0
1681386957179 92.4 0
1681387157932 91.4 0
1681387358999 92.60000000000001 0
1681387564197 92.2 0
1681387765244 91.2 0
1681387966519 91.8 0
1681388168015 90.60000000000001 0
1681388368861 90.8 0
1681388569952 90.60000000000001 0
1681388773165 91.2 0
1681388979055 90.60000000000001 0
