1681385383537 54.0 0
1681385576321 79.4 0
1681385767469 85.2 0
1681385959811 83.6 0
1681386153119 79.80000000000001 0
1681386350281 74.8 0
1681386550210 72.39999999999999 0
1681386753840 71.6 0
1681386957119 70.39999999999999 0
1681387157854 66.0 0
1681387358906 63.800000000000004 0
1681387564121 61.4 0
1681387765161 60.199999999999996 0
1681387966427 58.8 0
1681388167913 56.599999999999994 0
1681388368749 56.599999999999994 0
1681388569815 54.6 0
1681388773016 51.6 0
1681388978908 46.400000000000006 0
