1681385190051 79.60000000000001 0
1681385383514 69.1 0
1681385576297 63.20000000000001 0
1681385767443 63.1 0
1681385959786 62.64 0
1681386153094 62.06666666666666 0
1681386350257 60.114285714285714 0
1681386550186 59.74999999999999 0
1681386753814 59.266666666666666 0
1681386957094 58.42 0
1681387157825 56.74545454545454 0
1681387358877 55.850000000000016 0
1681387564094 54.369230769230775 0
1681387765135 54.11428571428571 0
1681387966402 52.37333333333334 0
1681388167889 51.175 0
1681388368723 50.670588235294126 0
1681388569789 50.03333333333334 0
1681388772990 49.33684210526316 0
1681388978881 48.08 0
