1681385190062 79.60000000000001 0
1681385383524 85.3 0
1681385576308 87.8 0
1681385767455 90.19999999999999 0
1681385959798 91.55999999999999 0
1681386153106 90.8 0
1681386350268 90.74285714285715 0
1681386550197 91.025 0
1681386753826 90.39999999999999 0
1681386957105 90.54 0
1681387157837 90.4 0
1681387358889 90.53333333333335 0
1681387564110 90.27692307692307 0
1681387765147 89.4857142857143 0
1681387966413 89.48 0
1681388167901 89.2125 0
1681388368735 89.16470588235293 0
1681388569800 89.1888888888889 0
1681388773001 89.2421052631579 0
1681388978893 89.09 0
